77 -21 13 0
3981 -21 14 0
3997 -21 15 0
3997 -21 16 0
1392 -21 17 0
1392 -21 18 -1
1392 -21 19 -1
1392 -21 20 -1
77 -20 9 -4
77 -20 9 -3
77 -20 9 -2
77 -20 9 -1
77 -20 9 0
77 -20 9 1
77 -20 9 2
77 -20 9 3
77 -20 9 4
77 -20 10 -5
77 -20 10 -4
77 -20 10 -3
77 -20 10 -2
77 -20 10 -1
77 -20 10 0
77 -20 10 1
77 -20 10 2
77 -20 10 3
77 -20 10 4
77 -20 10 5
77 -20 11 -5
77 -20 11 -4
77 -20 11 -1
77 -20 11 0
77 -20 11 1
77 -20 11 4
77 -20 11 5
77 -20 12 -5
77 -20 12 -4
77 -20 12 -1
77 -20 12 0
77 -20 12 1
77 -20 12 4
77 -20 12 5
77 -20 13 -5
77 -20 13 -4
77 -20 13 -3
77 -20 13 -2
77 -20 13 -1
77 -20 13 0
77 -20 13 1
77 -20 13 2
77 -20 13 3
77 -20 13 4
77 -20 13 5
3977 -20 14 -5
3985 -20 14 -4
3985 -20 14 -3
3985 -20 14 -2
3985 -20 14 -1
3984 -20 14 0
3985 -20 14 1
3985 -20 14 2
3985 -20 14 3
3985 -20 14 4
3973 -20 14 5
1392 -20 17 -1
1392 -20 18 -1
1392 -20 19 -2
1392 -20 20 -1
1392 -20 21 -1
1392 -20 22 -1
77 -19 9 -5
77 -19 9 -4
77 -19 9 -3
77 -19 9 -2
77 -19 9 -1
77 -19 9 0
77 -19 9 1
77 -19 9 2
77 -19 9 3
77 -19 9 4
77 -19 9 5
77 -19 10 -5
2013 -19 10 2
2013 -19 10 3
77 -19 10 5
77 -19 13 -5
77 -19 13 -4
77 -19 13 -3
77 -19 13 -2
77 -19 13 -1
77 -19 13 0
77 -19 13 1
77 -19 13 2
77 -19 13 3
77 -19 13 4
77 -19 13 5
3980 -19 14 -5
3980 -19 14 5
1392 -19 17 -1
1392 -19 18 -2
1392 -19 19 -2
1392 -19 20 -2
1392 -19 21 -2
1392 -19 22 -2
1392 -19 23 -1
1392 -19 24 -1
77 -18 9 -5
77 -18 9 -4
77 -18 9 -3
77 -18 9 -2
77 -18 9 -1
77 -18 9 0
77 -18 9 1
77 -18 9 2
77 -18 9 3
77 -18 9 4
77 -18 9 5
77 -18 10 -5
1973 -18 10 1
3997 -18 10 2
3997 -18 10 3
1993 -18 10 4
77 -18 10 5
77 -18 13 -5
77 -18 13 -4
77 -18 13 -3
77 -18 13 -2
77 -18 13 -1
77 -18 13 0
77 -18 13 1
77 -18 13 2
77 -18 13 3
77 -18 13 4
77 -18 13 5
3980 -18 14 -5
3980 -18 14 5
1392 -18 17 -2
1392 -18 18 -3
1392 -18 19 -3
1392 -18 20 -3
1392 -18 21 -3
1392 -18 22 -2
1392 -18 23 -2
1392 -18 24 -2
1392 -18 25 -1
77 -17 8 -2
77 -17 8 -1
77 -17 8 0
77 -17 8 1
77 -17 8 2
77 -17 9 -5
77 -17 9 -4
77 -17 9 -3
15 -17 9 -2
15 -17 9 -1
15 -17 9 0
15 -17 9 1
15 -17 9 2
77 -17 9 3
77 -17 9 4
77 -17 9 5
77 -17 10 -5
2033 -17 10 2
2033 -17 10 3
77 -17 10 5
77 -17 11 -5
77 -17 11 5
77 -17 12 -5
77 -17 12 5
77 -17 13 -5
77 -17 13 -4
77 -17 13 -3
77 -17 13 -2
77 -17 13 -1
77 -17 13 0
77 -17 13 1
77 -17 13 2
77 -17 13 3
77 -17 13 4
77 -17 13 5
3980 -17 14 -5
3980 -17 14 5
1392 -17 17 -3
1392 -17 18 -4
1392 -17 19 -4
1392 -17 20 -4
1392 -17 21 -4
1392 -17 22 -3
1392 -17 23 -3
1392 -17 24 -2
1392 -17 25 -2
1392 -17 26 -1
1392 -17 27 -1
77 -16 0 0
77 -16 1 0
77 -16 4 -2
77 -16 4 -1
77 -16 4 0
77 -16 4 1
77 -16 4 2
77 -16 5 -2
77 -16 5 -1
77 -16 5 0
77 -16 5 1
77 -16 5 2
77 -16 6 -2
77 -16 6 -1
77 -16 6 0
77 -16 6 1
77 -16 6 2
77 -16 7 -2
77 -16 7 0
77 -16 7 2
77 -16 8 -3
77 -16 8 -2
77 -16 8 -1
77 -16 8 0
77 -16 8 1
77 -16 8 2
77 -16 8 3
77 -16 9 -5
77 -16 9 -4
15 -16 9 -3
15 -16 9 -2
15 -16 9 -1
15 -16 9 0
15 -16 9 1
15 -16 9 2
15 -16 9 3
77 -16 9 4
77 -16 9 5
77 -16 10 -5
77 -16 10 5
77 -16 13 -5
77 -16 13 -4
77 -16 13 -3
77 -16 13 -2
77 -16 13 -1
77 -16 13 0
77 -16 13 1
77 -16 13 2
77 -16 13 3
77 -16 13 4
77 -16 13 5
3980 -16 14 -5
3980 -16 14 5
1392 -16 17 -3
1392 -16 18 -4
1392 -16 19 -5
1392 -16 20 -5
1392 -16 21 -4
1392 -16 22 -4
1392 -16 23 -3
1392 -16 24 -3
1392 -16 25 -3
1392 -16 26 -2
1392 -16 27 -1
1392 -16 28 -1
1392 -16 29 -1
77 -16 30 -1
77 -15 -1 0
77 -15 0 0
77 -15 1 0
77 -15 3 -2
77 -15 3 -1
77 -15 3 0
77 -15 3 1
77 -15 3 2
77 -15 4 -3
77 -15 4 -2
77 -15 4 -1
77 -15 4 0
77 -15 4 1
77 -15 4 2
77 -15 4 3
77 -15 5 -3
15 -15 5 -2
15 -15 5 -1
15 -15 5 0
15 -15 5 1
15 -15 5 2
77 -15 5 3
77 -15 6 -3
77 -15 6 3
77 -15 7 -3
77 -15 7 3
77 -15 8 -4
77 -15 8 -3
77 -15 8 3
77 -15 8 4
77 -15 9 -5
15 -15 9 -4
15 -15 9 -3
15 -15 9 -2
15 -15 9 -1
15 -15 9 0
15 -15 9 1
15 -15 9 2
15 -15 9 3
15 -15 9 4
77 -15 9 5
77 -15 10 -5
77 -15 10 5
77 -15 13 -5
2005 -15 13 -4
2005 -15 13 -3
77 -15 13 -2
77 -15 13 -1
77 -15 13 0
77 -15 13 1
77 -15 13 2
2005 -15 13 3
2005 -15 13 4
77 -15 13 5
3980 -15 14 -5
3980 -15 14 5
1392 -15 17 -4
1392 -15 18 -4
1392 -15 19 -5
1392 -15 20 -5
1392 -15 21 -5
1392 -15 22 -5
1392 -15 23 -4
1392 -15 24 -3
1392 -15 25 -2
1392 -15 26 -2
1392 -15 27 -2
1392 -15 28 -1
77 -15 29 -1
77 -14 -1 0
3980 -14 0 0
77 -14 1 0
77 -14 2 -2
77 -14 2 -1
77 -14 2 0
77 -14 2 1
77 -14 2 2
77 -14 3 -3
77 -14 3 0
77 -14 3 1
77 -14 3 2
77 -14 3 3
77 -14 4 -3
77 -14 4 0
77 -14 4 1
77 -14 4 2
77 -14 4 3
77 -14 5 -4
15 -14 5 -3
15 -14 5 -2
15 -14 5 -1
15 -14 5 0
15 -14 5 1
15 -14 5 2
15 -14 5 3
77 -14 5 4
77 -14 6 -4
77 -14 6 4
77 -14 7 -4
77 -14 7 4
77 -14 8 -5
77 -14 8 -4
77 -14 8 4
77 -14 8 5
77 -14 9 -5
15 -14 9 -4
15 -14 9 -3
15 -14 9 -2
15 -14 9 -1
15 -14 9 0
15 -14 9 1
15 -14 9 2
15 -14 9 3
15 -14 9 4
77 -14 9 5
77 -14 10 -5
77 -14 10 -2
77 -14 10 2
77 -14 10 5
77 -14 11 -5
77 -14 11 -2
77 -14 11 2
77 -14 11 5
77 -14 12 -5
2005 -14 12 -4
2005 -14 12 -3
77 -14 12 -2
77 -14 12 2
2005 -14 12 3
2005 -14 12 4
77 -14 12 5
77 -14 13 -5
77 -14 13 -2
77 -14 13 -1
77 -14 13 0
77 -14 13 1
77 -14 13 2
77 -14 13 5
3980 -14 14 -5
3981 -14 14 -2
17114 -14 14 0
3981 -14 14 2
3980 -14 14 5
1392 -14 17 -4
1392 -14 18 -5
1392 -14 19 -5
1392 -14 20 -5
1392 -14 21 -5
1392 -14 22 -4
1392 -14 23 -4
1392 -14 24 -3
1392 -14 25 -2
1392 -14 26 -2
1392 -14 27 -1
77 -14 28 -1
3980 -13 0 0
77 -13 1 -2
77 -13 1 -1
77 -13 1 0
77 -13 1 1
77 -13 1 2
77 -13 2 -3
77 -13 2 0
77 -13 2 3
77 -13 3 -3
77 -13 3 0
77 -13 3 3
77 -13 4 -3
77 -13 4 -2
77 -13 4 -1
77 -13 4 0
77 -13 4 3
77 -13 5 -4
15 -13 5 -3
15 -13 5 -2
15 -13 5 -1
15 -13 5 0
15 -13 5 1
15 -13 5 2
15 -13 5 3
77 -13 5 4
77 -13 6 -4
77 -13 6 4
77 -13 8 -5
77 -13 8 -4
77 -13 8 4
77 -13 8 5
77 -13 9 -5
15 -13 9 -4
15 -13 9 -3
15 -13 9 -2
15 -13 9 -1
15 -13 9 0
15 -13 9 1
15 -13 9 2
15 -13 9 3
15 -13 9 4
77 -13 9 5
77 -13 10 -5
15 -13 10 -4
15 -13 10 -3
77 -13 10 -2
77 -13 10 -1
77 -13 10 1
77 -13 10 2
15 -13 10 3
15 -13 10 4
77 -13 10 5
77 -13 11 -5
2005 -13 11 -4
2005 -13 11 -3
77 -13 11 -2
77 -13 11 2
2005 -13 11 3
2005 -13 11 4
77 -13 11 5
77 -13 12 -5
77 -13 12 -2
77 -13 12 -1
77 -13 12 1
77 -13 12 2
77 -13 12 5
3997 -13 13 -5
77 -13 13 -2
77 -13 13 -1
77 -13 13 0
77 -13 13 1
77 -13 13 2
3997 -13 13 5
3996 -13 14 -5
3992 -13 14 -2
3985 -13 14 -1
3984 -13 14 0
3985 -13 14 1
3988 -13 14 2
3996 -13 14 5
1392 -13 16 -4
1392 -13 17 -4
1392 -13 18 -5
1392 -13 19 -5
1392 -13 20 -5
1392 -13 21 -4
1392 -13 22 -4
1392 -13 23 -3
1392 -13 24 -2
1392 -13 25 -2
1392 -13 26 -1
77 -13 27 -1
77 -12 0 -1
77 -12 0 0
77 -12 0 1
77 -12 1 -2
77 -12 1 -1
77 -12 1 0
77 -12 1 1
77 -12 1 2
77 -12 2 -3
77 -12 2 3
77 -12 3 -3
77 -12 3 3
77 -12 4 -3
77 -12 4 3
77 -12 5 -4
15 -12 5 -3
15 -12 5 -2
15 -12 5 -1
15 -12 5 0
15 -12 5 1
15 -12 5 2
15 -12 5 3
77 -12 5 4
77 -12 6 -4
77 -12 6 4
77 -12 7 -4
77 -12 7 4
77 -12 8 -5
77 -12 8 -4
77 -12 8 4
77 -12 8 5
77 -12 9 -5
15 -12 9 -4
15 -12 9 -3
15 -12 9 -2
15 -12 9 -1
15 -12 9 0
15 -12 9 1
15 -12 9 2
15 -12 9 3
15 -12 9 4
77 -12 9 5
77 -12 10 -5
2005 -12 10 -4
2005 -12 10 -3
3997 -12 10 -2
3997 -12 10 2
2005 -12 10 3
2005 -12 10 4
77 -12 10 5
77 -12 11 -5
3997 -12 11 -2
3997 -12 11 2
77 -12 11 5
3997 -12 12 -5
3997 -12 12 -2
3997 -12 12 2
3997 -12 12 5
3997 -12 13 -5
3997 -12 13 5
1392 -12 16 -4
1392 -12 17 -4
1392 -12 18 -5
1392 -12 19 -5
1392 -12 20 -4
1392 -12 21 -4
1392 -12 22 -4
1392 -12 23 -3
1392 -12 24 -2
1392 -12 25 -1
77 -12 26 -1
77 -11 -1 0
77 -11 0 -1
77 -11 0 1
77 -11 1 -2
77 -11 1 -1
77 -11 1 0
77 -11 1 1
77 -11 1 2
77 -11 2 -3
77 -11 2 3
77 -11 3 -3
77 -11 3 3
77 -11 4 -3
77 -11 4 3
77 -11 5 -4
15 -11 5 -3
15 -11 5 -2
15 -11 5 -1
15 -11 5 0
15 -11 5 1
15 -11 5 2
15 -11 5 3
77 -11 5 4
77 -11 6 -4
77 -11 6 4
77 -11 8 -5
77 -11 8 -4
77 -11 8 4
77 -11 8 5
77 -11 9 -5
15 -11 9 -4
15 -11 9 -3
15 -11 9 -2
15 -11 9 -1
15 -11 9 0
15 -11 9 1
15 -11 9 2
15 -11 9 3
15 -11 9 4
77 -11 9 5
77 -11 10 -5
77 -11 10 5
3997 -11 11 -5
3997 -11 11 5
3997 -11 12 -5
3997 -11 12 5
1392 -11 16 -3
1392 -11 17 -4
1392 -11 18 -5
1392 -11 19 -4
1392 -11 20 -4
1392 -11 21 -4
1392 -11 22 -3
1392 -11 23 -2
1392 -11 24 -1
77 -11 25 -1
77 -10 -1 0
77 -10 0 -1
77 -10 0 1
77 -10 1 -2
77 -10 1 -1
77 -10 1 0
77 -10 1 1
77 -10 1 2
77 -10 2 -3
77 -10 2 3
77 -10 3 -3
77 -10 3 3
77 -10 4 -3
77 -10 4 3
77 -10 5 -4
15 -10 5 -3
15 -10 5 -2
15 -10 5 -1
15 -10 5 0
15 -10 5 1
15 -10 5 2
15 -10 5 3
77 -10 5 4
77 -10 6 -4
77 -10 6 -3
77 -10 6 -2
77 -10 6 -1
77 -10 6 1
77 -10 6 3
77 -10 6 4
77 -10 7 -4
77 -10 7 -3
77 -10 7 -2
77 -10 7 -1
77 -10 7 0
77 -10 7 1
77 -10 7 3
77 -10 7 4
77 -10 8 -5
77 -10 8 -4
77 -10 8 -3
77 -10 8 -2
77 -10 8 -1
77 -10 8 0
77 -10 8 1
77 -10 8 2
77 -10 8 3
77 -10 8 4
77 -10 8 5
77 -10 9 -5
15 -10 9 -4
15 -10 9 -3
15 -10 9 -2
15 -10 9 -1
15 -10 9 0
15 -10 9 1
15 -10 9 2
15 -10 9 3
15 -10 9 4
77 -10 9 5
3997 -10 10 -5
3981 -10 10 5
3997 -10 11 -5
3997 -10 11 5
1392 -10 16 -3
1392 -10 17 -4
1392 -10 18 -4
1392 -10 19 -4
1392 -10 20 -4
1392 -10 21 -3
1392 -10 22 -2
1392 -10 23 -1
77 -10 24 -1
77 -9 -1 0
77 -9 0 -1
77 -9 0 0
77 -9 0 1
77 -9 1 -2
77 -9 1 -1
77 -9 1 0
77 -9 1 1
77 -9 1 2
77 -9 2 -3
77 -9 2 0
77 -9 2 3
77 -9 3 -3
77 -9 3 0
4142 -9 3 1
4126 -9 3 2
77 -9 3 3
77 -9 4 -3
2023 -9 4 -2
2023 -9 4 -1
77 -9 4 0
77 -9 4 1
77 -9 4 2
77 -9 4 3
77 -9 5 -4
15 -9 5 -3
15 -9 5 -2
15 -9 5 -1
77 -9 5 0
15 -9 5 1
15 -9 5 2
15 -9 5 3
77 -9 5 4
77 -9 6 -4
77 -9 6 0
77 -9 6 4
77 -9 7 0
77 -9 8 -5
77 -9 8 -4
77 -9 8 0
77 -9 8 4
77 -9 8 5
77 -9 9 -5
15 -9 9 -4
15 -9 9 -3
15 -9 9 -2
15 -9 9 -1
77 -9 9 0
15 -9 9 1
15 -9 9 2
15 -9 9 3
15 -9 9 4
77 -9 9 5
3997 -9 10 -5
77 -9 10 0
3980 -9 10 5
77 -9 11 0
77 -9 12 0
77 -9 13 0
77 -9 14 0
77 -9 15 0
1392 -9 16 -3
77 -9 16 0
1392 -9 17 -3
77 -9 17 0
1392 -9 18 -4
77 -9 18 0
1392 -9 19 -4
77 -9 19 0
1392 -9 20 -3
77 -9 20 0
1392 -9 21 -2
77 -9 21 0
1392 -9 22 -1
77 -9 22 0
77 -9 23 -1
77 -9 23 0
77 -9 24 0
77 -9 25 0
77 -9 26 0
77 -9 27 0
77 -9 28 0
77 -9 29 0
77 -9 30 0
77 -8 -1 0
77 -8 0 -1
77 -8 0 1
77 -8 1 -2
77 -8 1 -1
77 -8 1 0
77 -8 1 1
77 -8 1 2
77 -8 2 -3
77 -8 2 3
77 -8 3 -3
77 -8 3 3
77 -8 4 -3
77 -8 4 3
77 -8 5 -4
2005 -8 5 -3
15 -8 5 -2
15 -8 5 -1
15 -8 5 0
15 -8 5 1
15 -8 5 2
2013 -8 5 3
77 -8 5 4
77 -8 6 -4
77 -8 6 4
77 -8 7 -4
77 -8 7 4
77 -8 8 -5
77 -8 8 -4
77 -8 8 4
77 -8 8 5
77 -8 9 -5
2005 -8 9 -4
2005 -8 9 -3
15 -8 9 -2
15 -8 9 -1
15 -8 9 0
15 -8 9 1
15 -8 9 2
2005 -8 9 3
2005 -8 9 4
77 -8 9 5
3997 -8 10 -5
3980 -8 10 5
1392 -8 16 -2
1392 -8 17 -3
1392 -8 18 -3
1392 -8 19 -3
1392 -8 20 -2
1392 -8 21 -1
77 -8 22 -1
77 -7 -1 0
77 -7 0 -1
77 -7 0 1
77 -7 1 -2
77 -7 1 -1
77 -7 1 0
77 -7 1 1
77 -7 1 2
77 -7 2 -3
77 -7 2 3
77 -7 3 -3
77 -7 3 3
77 -7 4 -3
77 -7 4 3
77 -7 5 -4
15 -7 5 -2
15 -7 5 -1
2003 -7 5 0
15 -7 5 1
15 -7 5 2
77 -7 5 4
77 -7 6 -4
3997 -7 6 -2
3997 -7 6 -1
3997 -7 6 1
3997 -7 6 2
77 -7 6 4
3997 -7 7 -2
3997 -7 7 -1
3997 -7 7 1
3997 -7 7 2
77 -7 8 -5
2005 -7 8 -4
2005 -7 8 -3
15 -7 8 -2
15 -7 8 -1
15 -7 8 1
15 -7 8 2
2005 -7 8 3
2005 -7 8 4
77 -7 8 5
77 -7 9 -5
15 -7 9 -2
15 -7 9 -1
15 -7 9 0
15 -7 9 1
15 -7 9 2
77 -7 9 5
3997 -7 10 -5
3997 -7 10 -2
3997 -7 10 -1
3997 -7 10 0
3997 -7 10 1
3997 -7 10 2
3980 -7 10 5
1392 -7 16 -2
1392 -7 17 -2
1392 -7 18 -3
1392 -7 19 -2
1392 -7 20 -1
77 -7 21 -1
77 -6 -1 0
77 -6 0 -1
77 -6 0 1
77 -6 1 -2
77 -6 1 -1
77 -6 1 0
77 -6 1 1
77 -6 1 2
77 -6 2 -3
3981 -6 2 -1
2025 -6 2 0
3981 -6 2 1
77 -6 2 3
77 -6 3 -3
77 -6 3 3
77 -6 4 -3
2015 -6 4 -2
2015 -6 4 -1
2015 -6 4 1
2015 -6 4 2
77 -6 4 3
77 -6 5 -4
15 -6 5 -2
15 -6 5 -1
15 -6 5 1
15 -6 5 2
77 -6 5 4
77 -6 6 -4
15 -6 6 -2
15 -6 6 -1
2025 -6 6 0
15 -6 6 1
15 -6 6 2
77 -6 6 4
77 -6 7 -5
15 -6 7 -4
2023 -6 7 -3
15 -6 7 -2
15 -6 7 -1
15 -6 7 1
15 -6 7 2
2023 -6 7 3
15 -6 7 4
77 -6 7 5
77 -6 8 -5
77 -6 8 5
3997 -6 9 -5
3980 -6 9 5
3997 -6 10 -5
3996 -6 10 5
1392 -6 16 -2
1392 -6 17 -2
1392 -6 18 -2
1392 -6 19 -1
77 -6 20 -1
77 -5 -1 0
77 -5 0 -1
77 -5 0 1
77 -5 1 -2
77 -5 1 -1
77 -5 1 0
77 -5 1 1
77 -5 1 2
77 -5 2 -3
3996 -5 2 -1
15 -5 2 0
3996 -5 2 1
77 -5 2 3
77 -5 3 -3
3997 -5 3 -1
2025 -5 3 0
3997 -5 3 1
77 -5 3 3
77 -5 4 -4
15 -5 4 -3
2005 -5 4 -2
2005 -5 4 -1
2005 -5 4 1
2005 -5 4 2
15 -5 4 3
77 -5 4 4
77 -5 5 -4
77 -5 5 4
77 -5 6 -4
77 -5 6 4
77 -5 7 -5
15 -5 7 -4
15 -5 7 -3
15 -5 7 -2
15 -5 7 -1
2025 -5 7 0
15 -5 7 1
15 -5 7 2
15 -5 7 3
15 -5 7 4
77 -5 7 5
3981 -5 8 -5
3981 -5 8 5
3997 -5 9 -5
3996 -5 9 5
1392 -5 16 -1
1392 -5 17 -2
1392 -5 18 -1
77 -5 19 -1
77 -4 -2 0
77 -4 -1 -1
77 -4 -1 1
77 -4 0 -2
77 -4 0 2
77 -4 1 -3
77 -4 1 -2
77 -4 1 -1
77 -4 1 0
77 -4 1 1
77 -4 1 2
77 -4 1 3
77 -4 2 -3
1965 -4 2 -1
3997 -4 2 0
1985 -4 2 1
77 -4 2 3
77 -4 3 -3
77 -4 3 3
77 -4 4 -4
77 -4 4 4
77 -4 5 -4
77 -4 5 4
77 -4 6 -4
77 -4 6 4
77 -4 7 -5
15 -4 7 -4
15 -4 7 -3
15 -4 7 -2
3977 -4 7 -1
3968 -4 7 0
3973 -4 7 1
15 -4 7 2
15 -4 7 3
15 -4 7 4
77 -4 7 5
3980 -4 8 -5
3980 -4 8 5
1392 -4 16 -1
1392 -4 17 -1
77 -4 18 -1
77 -3 -2 0
77 -3 -1 -1
77 -3 -1 1
77 -3 0 -2
77 -3 0 2
77 -3 1 -3
77 -3 1 -2
77 -3 1 -1
77 -3 1 0
77 -3 1 1
77 -3 1 2
77 -3 1 3
77 -3 2 -3
1965 -3 2 -1
3997 -3 2 0
1985 -3 2 1
77 -3 2 3
77 -3 3 -3
77 -3 3 3
77 -3 4 -4
77 -3 4 4
1399 -3 5 -4
1399 -3 5 4
77 -3 7 -5
15 -3 7 -4
15 -3 7 -3
15 -3 7 -2
3976 -3 7 -1
3968 -3 7 0
3972 -3 7 1
15 -3 7 2
15 -3 7 3
15 -3 7 4
77 -3 7 5
3980 -3 8 -5
3980 -3 8 5
1392 -3 16 -1
77 -3 17 -1
77 -2 -2 0
77 -2 -1 -1
77 -2 -1 1
77 -2 0 -2
77 -2 0 2
77 -2 1 -3
77 -2 1 -2
77 -2 1 -1
77 -2 1 0
77 -2 1 1
77 -2 1 2
77 -2 1 3
77 -2 2 -3
1965 -2 2 -1
3997 -2 2 0
1985 -2 2 1
77 -2 2 3
77 -2 3 -3
77 -2 3 3
77 -2 4 -4
77 -2 4 4
77 -2 5 -4
77 -2 5 4
77 -2 6 -4
77 -2 6 4
77 -2 7 -5
15 -2 7 -4
15 -2 7 -3
15 -2 7 -2
3992 -2 7 -1
3984 -2 7 0
3988 -2 7 1
15 -2 7 2
15 -2 7 3
15 -2 7 4
77 -2 7 5
3996 -2 8 -5
3996 -2 8 5
77 -2 16 -1
77 -1 -2 0
77 -1 -1 -1
77 -1 -1 1
77 -1 0 -2
77 -1 0 2
77 -1 1 -3
77 -1 1 -2
77 -1 1 -1
77 -1 1 0
77 -1 1 1
77 -1 1 2
77 -1 1 3
77 -1 2 -3
1965 -1 2 -1
3997 -1 2 0
1985 -1 2 1
77 -1 2 3
77 -1 3 -3
77 -1 3 3
77 -1 4 -4
77 -1 4 4
1399 -1 5 -4
1399 -1 5 4
77 -1 7 -5
15 -1 7 -4
15 -1 7 -3
15 -1 7 -2
15 -1 7 -1
15 -1 7 0
15 -1 7 1
15 -1 7 2
15 -1 7 3
15 -1 7 4
77 -1 7 5
77 -1 12 -7
77 -1 12 -6
77 -1 12 -5
77 -1 37 -1
77 -1 37 0
77 -1 37 1
77 0 -2 0
77 0 -1 -1
77 0 -1 1
77 0 0 -2
77 0 0 2
77 0 1 -3
77 0 1 -2
77 0 1 -1
77 0 1 0
77 0 1 1
77 0 1 2
77 0 1 3
77 0 2 -3
1965 0 2 -1
3997 0 2 0
1985 0 2 1
77 0 2 3
77 0 3 -3
77 0 3 3
77 0 4 -4
77 0 4 4
77 0 5 -4
77 0 5 4
77 0 6 -4
77 0 6 4
77 0 7 -5
15 0 7 -4
15 0 7 -3
15 0 7 -2
15 0 7 -1
15 0 7 0
15 0 7 1
15 0 7 2
15 0 7 3
15 0 7 4
77 0 7 5
1392 0 12 -7
1392 0 12 -6
77 0 12 -4
77 0 12 -3
77 0 12 -2
77 0 24 -5
77 0 24 -4
77 0 24 -3
77 0 24 -2
3997 0 25 -4
77 0 34 -3
77 0 34 -2
77 0 36 -1
77 0 36 1
77 0 37 -2
4174 0 37 0
77 0 37 2
77 1 -2 0
77 1 -1 -1
77 1 -1 0
77 1 -1 1
77 1 0 -2
77 1 0 -1
77 1 0 0
77 1 0 1
77 1 0 2
77 1 1 -3
77 1 1 -2
77 1 1 -1
77 1 1 0
77 1 1 1
77 1 1 2
77 1 1 3
77 1 2 -3
77 1 2 0
77 1 2 3
77 1 3 -3
77 1 3 0
77 1 3 3
77 1 4 -4
15 1 4 -3
77 1 4 0
77 1 4 4
1399 1 5 -4
77 1 5 0
1399 1 5 4
77 1 6 0
77 1 7 -5
15 1 7 -4
15 1 7 -3
15 1 7 -2
15 1 7 -1
77 1 7 0
15 1 7 1
15 1 7 2
15 1 7 3
15 1 7 4
77 1 7 5
77 1 8 0
77 1 9 0
77 1 10 0
77 1 11 0
1392 1 12 -6
1392 1 12 -5
1392 1 12 -4
77 1 12 -1
77 1 12 0
77 1 12 1
1392 1 13 -7
1392 1 13 -6
77 1 13 0
77 1 14 0
77 1 15 0
77 1 16 0
77 1 17 0
77 1 18 0
77 1 19 0
77 1 20 0
77 1 21 0
77 1 22 0
77 1 23 0
1392 1 24 -4
1392 1 24 -3
1392 1 24 -2
77 1 24 -1
77 1 24 0
77 1 24 1
3997 1 25 -4
77 1 25 0
1392 1 26 -4
77 1 26 0
77 1 27 0
77 1 28 0
77 1 29 0
77 1 30 0
77 1 31 0
77 1 32 0
77 1 33 0
1392 1 34 -2
77 1 34 -1
77 1 34 0
77 1 34 1
77 1 35 0
77 1 36 -1
77 1 36 0
77 1 36 1
77 1 37 -2
77 1 37 0
77 1 37 2
77 1 38 0
77 1 39 0
77 1 40 0
3997 1 41 0
1399 1 42 0
1399 1 43 0
1399 1 44 0
3997 1 45 0
77 2 -2 0
77 2 -1 -1
2013 2 -1 0
77 2 -1 1
77 2 0 -2
77 2 0 2
77 2 1 -3
77 2 1 -2
77 2 1 -1
77 2 1 0
77 2 1 1
77 2 1 2
77 2 1 3
77 2 2 -3
77 2 2 3
77 2 3 -3
77 2 3 3
77 2 4 -4
77 2 4 4
77 2 5 -4
77 2 5 4
77 2 6 -4
77 2 6 4
77 2 7 -5
15 2 7 -4
15 2 7 -3
15 2 7 -2
15 2 7 -1
15 2 7 0
15 2 7 1
15 2 7 2
15 2 7 3
15 2 7 4
77 2 7 5
1392 2 12 -4
1392 2 12 -3
77 2 12 2
77 2 12 3
77 2 12 4
1392 2 13 -5
1392 2 13 -4
1392 2 14 -6
1392 2 14 -5
1392 2 23 -4
1392 2 23 -3
1392 2 24 -2
77 2 24 2
77 2 24 3
77 2 24 4
77 2 24 5
3997 2 25 4
1392 2 26 -3
1392 2 27 -4
1392 2 27 -3
1392 2 28 -4
1392 2 30 -3
1392 2 31 -3
1392 2 32 -3
1392 2 32 -2
1392 2 33 -2
1392 2 33 -1
1392 2 33 0
1392 2 33 1
1392 2 34 -1
1392 2 34 0
1392 2 34 1
77 2 34 2
77 2 34 3
77 2 36 -1
77 2 36 0
77 2 36 1
77 2 37 -2
77 2 37 2
1399 2 42 0
1399 2 43 0
1399 2 44 0
77 3 -2 0
77 3 -1 -1
77 3 -1 1
77 3 0 -2
77 3 0 2
77 3 1 -3
77 3 1 -2
77 3 1 -1
77 3 1 0
77 3 1 1
77 3 1 2
77 3 1 3
77 3 2 -3
77 3 2 3
77 3 3 -3
77 3 3 3
77 3 4 -4
77 3 4 4
1399 3 5 -4
1399 3 5 4
77 3 7 -5
15 3 7 -4
15 3 7 -3
15 3 7 -2
15 3 7 -1
15 3 7 0
15 3 7 1
15 3 7 2
15 3 7 3
15 3 7 4
77 3 7 5
3981 3 8 -5
3981 3 8 5
1392 3 12 -3
1392 3 12 -2
1392 3 12 -1
1392 3 12 0
1392 3 12 1
77 3 12 5
77 3 12 6
77 3 12 7
1392 3 13 -3
1392 3 13 -2
1392 3 14 -4
1392 3 14 -3
1392 3 15 -6
1392 3 15 -5
1392 3 15 -4
1392 3 16 -6
1392 3 16 -5
1392 3 20 -5
1392 3 21 -4
1392 3 22 -4
1392 3 22 -3
1392 3 23 -3
1392 3 23 -2
1392 3 23 -1
1392 3 24 -1
1392 3 24 0
1392 3 24 1
1392 3 24 2
1392 3 24 3
1392 3 24 4
3997 3 25 4
1392 3 26 4
1392 3 27 -2
1392 3 27 -1
1392 3 27 3
1392 3 28 -3
1392 3 28 -2
1392 3 29 -3
1392 3 30 -2
1392 3 31 -2
1392 3 31 -1
1392 3 32 -1
1392 3 32 0
1392 3 32 1
1392 3 33 0
1392 3 33 1
1392 3 34 2
77 3 37 -1
77 3 37 0
77 3 37 1
1399 3 41 -1
1384 3 42 -1
1399 3 43 -1
77 4 -2 0
77 4 -1 -1
77 4 -1 1
77 4 0 -2
77 4 0 -1
77 4 0 1
77 4 0 2
77 4 1 -3
77 4 1 -2
77 4 1 -1
77 4 1 0
77 4 1 1
77 4 1 2
77 4 1 3
77 4 2 -3
77 4 2 -2
77 4 2 -1
77 4 2 1
77 4 2 2
77 4 2 3
77 4 3 -3
77 4 3 -2
77 4 3 -1
77 4 3 1
77 4 3 2
77 4 3 3
77 4 4 -4
77 4 4 4
77 4 5 -4
77 4 5 4
77 4 6 -4
77 4 6 4
77 4 7 -5
15 4 7 -4
15 4 7 -3
15 4 7 -2
3977 4 7 -1
3969 4 7 0
3973 4 7 1
15 4 7 2
15 4 7 3
15 4 7 4
77 4 7 5
3980 4 8 -5
3980 4 8 5
1392 4 12 1
1392 4 12 2
1392 4 12 3
1392 4 12 4
1392 4 12 5
1392 4 12 6
1392 4 12 7
1392 4 13 -1
1392 4 13 0
1392 4 13 1
1392 4 14 -2
1392 4 14 -1
1392 4 15 -3
1392 4 15 -2
1392 4 16 -4
1392 4 16 -3
1392 4 17 -5
1392 4 17 -4
1392 4 18 -5
1392 4 19 -5
1392 4 20 -4
1392 4 21 -4
1392 4 21 -3
1392 4 22 -3
1392 4 22 -2
1392 4 22 -1
1392 4 23 0
1392 4 23 1
1392 4 23 3
1392 4 23 4
1392 4 24 2
1392 4 26 3
1392 4 27 0
1392 4 27 1
1392 4 27 2
1392 4 27 3
1392 4 27 4
1392 4 28 -1
1392 4 28 0
1392 4 28 3
1392 4 29 -2
1392 4 29 -1
1392 4 30 -1
1392 4 30 0
1392 4 31 0
1392 4 31 1
1392 4 31 3
1392 4 32 1
1392 4 32 2
1392 4 32 3
1392 4 33 2
1399 4 41 -2
1384 4 42 -2
1399 4 43 -2
77 5 -2 0
77 5 -1 -1
77 5 -1 1
77 5 0 -2
77 5 0 2
77 5 1 -3
77 5 1 -2
77 5 1 -1
77 5 1 0
77 5 1 1
77 5 1 2
77 5 1 3
77 5 2 -3
77 5 2 3
77 5 3 -3
77 5 3 3
77 5 4 -4
77 5 4 4
1399 5 5 -4
1399 5 5 4
77 5 7 -5
15 5 7 -4
15 5 7 -3
15 5 7 -2
3976 5 7 -1
3968 5 7 0
3972 5 7 1
15 5 7 2
15 5 7 3
15 5 7 4
77 5 7 5
3980 5 8 -5
3980 5 8 5
1392 5 12 5
1392 5 12 6
1392 5 13 2
1392 5 13 3
1392 5 13 4
1392 5 13 5
1392 5 13 6
1392 5 13 7
1392 5 14 0
1392 5 14 1
1392 5 14 2
1392 5 15 -1
1392 5 15 0
1392 5 16 -2
1392 5 16 -1
1392 5 17 -3
1392 5 17 -2
1392 5 17 -1
1392 5 18 -4
1392 5 18 -3
1392 5 18 -2
1392 5 19 -4
1392 5 19 -3
1392 5 20 -3
1392 5 20 -2
1392 5 20 -1
1392 5 21 -2
1392 5 21 -1
1392 5 21 0
1392 5 21 4
1392 5 22 0
1392 5 22 1
1392 5 22 4
1392 5 23 2
1392 5 23 3
1392 5 27 2
1392 5 28 1
1392 5 28 2
1392 5 28 3
1392 5 28 4
1392 5 29 0
1392 5 29 1
1392 5 29 2
1392 5 29 3
1392 5 30 1
1392 5 30 2
1392 5 30 3
1392 5 31 2
1399 5 40 -3
1399 5 41 -3
1399 5 42 -3
77 6 -1 0
77 6 0 -1
77 6 0 0
77 6 0 1
77 6 1 -2
77 6 1 -1
77 6 1 0
77 6 1 1
77 6 1 2
77 6 2 -3
77 6 2 3
77 6 3 -3
77 6 3 3
77 6 4 -4
77 6 4 4
77 6 5 -4
77 6 5 4
77 6 6 -4
77 6 6 4
77 6 7 -5
15 6 7 -4
15 6 7 -3
15 6 7 -2
3992 6 7 -1
3984 6 7 0
3988 6 7 1
15 6 7 2
15 6 7 3
15 6 7 4
77 6 7 5
3996 6 8 -5
3996 6 8 5
3997 6 9 -5
3997 6 9 5
1392 6 14 3
1392 6 14 4
1392 6 14 5
1392 6 14 6
1392 6 15 1
1392 6 15 2
1392 6 15 6
1392 6 16 0
1392 6 16 1
1392 6 17 0
1392 6 18 -1
1392 6 18 0
1392 6 19 -2
1392 6 19 -1
1392 6 19 0
1392 6 19 1
1392 6 19 5
1392 6 20 0
1392 6 20 1
1392 6 20 4
1392 6 20 5
1392 6 21 1
1392 6 21 2
1392 6 21 3
1392 6 21 4
1392 6 22 2
1392 6 22 3
1399 6 39 -3
1399 6 40 -3
1399 6 41 -3
77 7 -1 0
77 7 0 -1
77 7 0 0
77 7 0 1
77 7 1 -2
77 7 1 -1
77 7 1 0
77 7 1 1
77 7 1 2
77 7 2 -3
77 7 2 3
77 7 3 -3
77 7 3 3
77 7 4 -3
2025 7 4 -2
2025 7 4 -1
2025 7 4 0
2025 7 4 1
2025 7 4 2
77 7 4 3
77 7 5 -4
77 7 5 4
77 7 6 -4
77 7 6 4
77 7 7 -5
15 7 7 -4
2003 7 7 -3
15 7 7 -2
15 7 7 -1
15 7 7 0
15 7 7 1
15 7 7 2
2003 7 7 3
15 7 7 4
77 7 7 5
77 7 8 -5
77 7 8 5
3997 7 9 -5
3997 7 9 5
1392 7 15 3
1392 7 15 4
1392 7 15 5
1392 7 16 2
1392 7 16 3
1392 7 16 4
1392 7 16 5
1392 7 16 6
1392 7 17 1
1392 7 17 2
1392 7 17 3
1392 7 17 4
1392 7 17 5
1392 7 17 6
1392 7 18 1
1392 7 18 2
1392 7 18 3
1392 7 18 4
1392 7 18 5
1392 7 19 2
1392 7 19 3
1392 7 19 4
1392 7 20 2
1392 7 20 3
77 8 -1 0
77 8 0 -1
77 8 0 0
77 8 0 1
77 8 1 -2
77 8 1 -1
77 8 1 0
77 8 1 1
77 8 1 2
77 8 2 -3
77 8 2 3
77 8 3 -3
77 8 3 3
77 8 4 -3
1995 8 4 -2
1995 8 4 -1
1995 8 4 0
1995 8 4 1
1995 8 4 2
77 8 4 3
77 8 5 -4
15 8 5 -2
15 8 5 -1
15 8 5 0
15 8 5 1
15 8 5 2
77 8 5 4
77 8 6 -4
15 8 6 -2
15 8 6 -1
15 8 6 0
15 8 6 1
15 8 6 2
77 8 6 4
15 8 7 -2
15 8 7 -1
15 8 7 0
15 8 7 1
15 8 7 2
77 8 8 -5
2025 8 8 -4
2025 8 8 -3
2025 8 8 3
2025 8 8 4
77 8 8 5
3997 8 9 -5
3997 8 9 5
3981 8 10 -5
3981 8 10 5
77 9 -1 0
77 9 0 -1
77 9 0 0
77 9 0 1
77 9 1 -2
77 9 1 -1
77 9 1 0
77 9 1 1
77 9 1 2
77 9 2 -3
77 9 2 3
77 9 3 -3
77 9 3 3
77 9 4 -3
77 9 4 3
77 9 5 -4
2025 9 5 -3
15 9 5 -2
15 9 5 -1
15 9 5 0
15 9 5 1
15 9 5 2
2025 9 5 3
77 9 5 4
77 9 6 -4
77 9 6 4
77 9 7 -4
77 9 7 4
77 9 8 -5
77 9 8 -4
15 9 8 -2
15 9 8 -1
15 9 8 0
15 9 8 1
15 9 8 2
77 9 8 4
77 9 8 5
77 9 9 -5
2025 9 9 -4
2025 9 9 -3
15 9 9 -2
15 9 9 -1
15 9 9 0
15 9 9 1
15 9 9 2
2025 9 9 3
2025 9 9 4
77 9 9 5
3980 9 10 -5
3993 9 10 -2
3985 9 10 -1
3985 9 10 0
3985 9 10 1
3989 9 10 2
3980 9 10 5
77 10 -1 0
77 10 0 -1
77 10 0 0
77 10 0 1
77 10 1 -2
77 10 1 -1
77 10 1 0
77 10 1 1
77 10 1 2
77 10 2 -3
77 10 2 3
77 10 3 -3
77 10 3 3
77 10 4 -3
77 10 4 3
77 10 5 -4
15 10 5 -3
15 10 5 -2
15 10 5 -1
15 10 5 0
15 10 5 1
15 10 5 2
15 10 5 3
77 10 5 4
77 10 6 -4
77 10 6 4
77 10 8 -5
77 10 8 -4
77 10 8 4
77 10 8 5
77 10 9 -5
15 10 9 -4
15 10 9 -3
15 10 9 -2
15 10 9 -1
15 10 9 0
15 10 9 1
15 10 9 2
15 10 9 3
15 10 9 4
77 10 9 5
3980 10 10 -5
3980 10 10 5
77 11 -1 0
77 11 0 -1
77 11 0 0
77 11 0 1
77 11 1 -2
77 11 1 -1
77 11 1 0
77 11 1 1
77 11 1 2
77 11 2 -3
77 11 2 3
77 11 3 -3
77 11 3 3
77 11 4 -3
77 11 4 3
77 11 5 -4
15 11 5 -3
15 11 5 -2
15 11 5 -1
15 11 5 0
15 11 5 1
15 11 5 2
15 11 5 3
77 11 5 4
77 11 6 -4
77 11 6 4
77 11 7 -4
77 11 7 4
77 11 8 -5
77 11 8 -4
77 11 8 4
77 11 8 5
77 11 9 -5
15 11 9 -4
15 11 9 -3
15 11 9 -2
15 11 9 -1
15 11 9 0
15 11 9 1
15 11 9 2
15 11 9 3
15 11 9 4
77 11 9 5
3980 11 10 -5
3980 11 10 5
77 12 0 0
77 12 1 -2
77 12 1 -1
77 12 1 0
77 12 1 1
77 12 1 2
77 12 2 -3
77 12 2 3
77 12 3 -3
77 12 3 3
77 12 4 -3
77 12 4 3
77 12 5 -4
15 12 5 -3
15 12 5 -2
15 12 5 -1
15 12 5 0
15 12 5 1
15 12 5 2
15 12 5 3
77 12 5 4
77 12 6 -4
77 12 6 4
77 12 8 -5
77 12 8 -4
77 12 8 4
77 12 8 5
77 12 9 -5
15 12 9 -4
15 12 9 -3
15 12 9 -2
15 12 9 -1
15 12 9 0
15 12 9 1
15 12 9 2
15 12 9 3
15 12 9 4
77 12 9 5
3980 12 10 -5
3980 12 10 5
77 13 1 0
77 13 2 -2
77 13 2 -1
77 13 2 0
77 13 2 1
77 13 2 2
77 13 3 -3
2033 13 3 -2
2033 13 3 -1
77 13 3 0
2033 13 3 1
2033 13 3 2
77 13 3 3
77 13 4 -3
2023 13 4 -2
2023 13 4 -1
77 13 4 0
2023 13 4 1
2023 13 4 2
77 13 4 3
77 13 5 -4
15 13 5 -3
15 13 5 -2
15 13 5 -1
77 13 5 0
15 13 5 1
15 13 5 2
15 13 5 3
77 13 5 4
77 13 6 -4
77 13 6 0
77 13 6 4
77 13 7 -4
77 13 7 0
77 13 7 4
77 13 8 -5
77 13 8 -4
77 13 8 0
77 13 8 4
77 13 8 5
77 13 9 -5
15 13 9 -4
15 13 9 -3
15 13 9 -2
15 13 9 -1
77 13 9 0
15 13 9 1
15 13 9 2
15 13 9 3
15 13 9 4
77 13 9 5
3996 13 10 -5
77 13 10 0
3996 13 10 5
3981 13 11 -5
77 13 11 0
3981 13 11 5
77 13 12 0
77 13 13 0
77 13 14 0
77 13 15 0
77 13 16 0
77 13 17 0
77 13 18 0
77 13 19 0
77 13 20 0
77 13 21 0
77 13 22 0
77 13 23 0
77 13 24 0
77 13 25 0
77 13 26 0
77 13 27 0
77 13 28 0
77 14 2 0
77 14 3 -2
77 14 3 -1
77 14 3 0
77 14 3 1
77 14 3 2
80 14 4 -3
77 14 4 -2
77 14 4 -1
77 14 4 0
77 14 4 1
77 14 4 2
80 14 4 3
77 14 5 -4
15 14 5 -3
15 14 5 -2
15 14 5 -1
15 14 5 0
15 14 5 1
15 14 5 2
15 14 5 3
77 14 5 4
77 14 6 -4
77 14 6 4
77 14 7 -4
77 14 7 4
77 14 8 -5
77 14 8 -4
77 14 8 4
77 14 8 5
77 14 9 -5
77 14 9 -4
15 14 9 -3
15 14 9 -2
15 14 9 -1
15 14 9 0
15 14 9 1
15 14 9 2
15 14 9 3
77 14 9 4
77 14 9 5
77 14 10 -5
15 14 10 0
77 14 10 5
3980 14 11 -5
3980 14 11 5
3980 14 13 0
3997 14 25 0
77 15 3 0
77 15 4 -2
80 15 4 -1
77 15 4 0
80 15 4 1
77 15 4 2
80 15 5 -3
15 15 5 -2
15 15 5 -1
15 15 5 0
15 15 5 1
15 15 5 2
80 15 5 3
80 15 6 -4
80 15 6 4
77 15 7 -4
77 15 7 4
77 15 8 -5
77 15 8 -4
77 15 8 4
77 15 8 5
77 15 9 -5
77 15 9 -4
15 15 9 -3
15 15 9 -2
15 15 9 -1
15 15 9 0
15 15 9 1
15 15 9 2
15 15 9 3
77 15 9 4
77 15 9 5
77 15 10 -5
15 15 10 -4
15 15 10 -3
15 15 10 -2
15 15 10 -1
15 15 10 0
15 15 10 1
15 15 10 2
15 15 10 3
15 15 10 4
77 15 10 5
3980 15 11 -5
3980 15 11 5
3993 15 13 -1
3988 15 13 0
1392 15 17 -3
1392 15 18 -2
1392 15 19 -2
1392 15 20 -2
1392 15 21 -1
1392 15 22 -1
1392 15 23 -1
1392 15 24 0
3997 15 25 0
77 16 4 0
80 16 5 -2
80 16 5 -1
15 16 5 0
80 16 5 1
80 16 5 2
80 16 6 -3
80 16 6 3
80 16 7 -4
80 16 7 4
77 16 8 -5
77 16 8 -4
77 16 8 4
77 16 8 5
77 16 9 -5
77 16 9 -4
15 16 9 -3
15 16 9 -2
15 16 9 -1
15 16 9 0
15 16 9 1
15 16 9 2
15 16 9 3
77 16 9 4
77 16 9 5
77 16 10 -5
15 16 10 -4
15 16 10 -3
15 16 10 -2
15 16 10 -1
15 16 10 0
15 16 10 1
15 16 10 2
15 16 10 3
15 16 10 4
77 16 10 5
3980 16 11 -5
3980 16 11 5
1392 16 13 -1
1392 16 14 -2
1392 16 15 -3
1392 16 16 -3
1392 16 17 -3
1392 16 18 -2
1392 16 19 -2
1392 16 20 -1
1392 16 21 -1
1392 16 22 -1
1392 16 23 0
1392 16 24 0
77 17 5 0
80 17 6 -2
77 17 6 -1
77 17 6 1
80 17 6 2
77 17 7 -3
77 17 7 3
80 17 8 -4
80 17 8 4
77 17 9 -5
77 17 9 -4
2023 17 9 -3
15 17 9 -2
15 17 9 -1
15 17 9 0
15 17 9 1
15 17 9 2
2023 17 9 3
77 17 9 4
77 17 9 5
77 17 10 -5
15 17 10 -4
15 17 10 -3
15 17 10 -2
15 17 10 -1
15 17 10 0
15 17 10 1
15 17 10 2
15 17 10 3
15 17 10 4
77 17 10 5
3996 17 11 -5
3996 17 11 5
3981 17 12 -5
3981 17 12 5
1392 17 14 -3
1392 17 15 -3
1392 17 16 -3
1392 17 17 -3
1392 17 18 -2
1392 17 19 -1
1392 17 20 -1
1392 17 21 -1
1392 17 22 0
1392 17 23 0
77 18 6 0
80 18 7 -2
80 18 7 -1
80 18 7 1
80 18 7 2
77 18 8 -3
77 18 8 3
80 18 9 -4
15 18 9 -3
2023 18 9 -2
2023 18 9 -1
15 18 9 0
2023 18 9 1
2023 18 9 2
15 18 9 3
80 18 9 4
77 18 10 -5
77 18 10 -4
15 18 10 -3
15 18 10 -2
15 18 10 -1
15 18 10 0
15 18 10 1
15 18 10 2
15 18 10 3
77 18 10 4
77 18 10 5
77 18 11 -5
15 18 11 -4
15 18 11 -3
15 18 11 3
15 18 11 4
77 18 11 5
3980 18 12 -5
3980 18 12 5
1392 18 14 -3
1392 18 15 -3
1392 18 16 -3
1392 18 17 -2
1392 18 18 -2
1392 18 19 -1
1392 18 20 -1
1392 18 21 0
1392 18 22 0
77 19 7 0
77 19 8 -2
80 19 8 -1
80 19 8 1
77 19 8 2
80 19 9 -3
15 19 9 -2
15 19 9 -1
2023 19 9 0
15 19 9 1
15 19 9 2
80 19 9 3
77 19 10 -4
15 19 10 -3
15 19 10 -2
15 19 10 -1
15 19 10 0
15 19 10 1
15 19 10 2
15 19 10 3
77 19 10 4
77 19 11 -5
15 19 11 -4
15 19 11 -3
15 19 11 -2
15 19 11 -1
15 19 11 0
15 19 11 1
15 19 11 2
15 19 11 3
15 19 11 4
77 19 11 5
3992 19 12 -5
3973 19 12 -4
3977 19 12 4
3988 19 12 5
1392 19 14 -2
1392 19 15 -3
1392 19 16 -2
1392 19 17 -2
1392 19 18 -1
1392 19 19 -1
1392 19 20 0
1392 19 21 0
1392 19 22 0
77 20 8 0
80 20 9 -2
80 20 9 -1
15 20 9 0
80 20 9 1
80 20 9 2
80 20 10 -3
15 20 10 -2
15 20 10 -1
15 20 10 0
15 20 10 1
15 20 10 2
80 20 10 3
77 20 11 -4
15 20 11 -3
15 20 11 -2
15 20 11 -1
15 20 11 0
15 20 11 1
15 20 11 2
15 20 11 3
77 20 11 4
3992 20 12 -4
3973 20 12 -3
3977 20 12 3
3988 20 12 4
1392 20 14 -1
1392 20 15 -2
1392 20 16 -2
1392 20 17 -2
1392 20 18 -1
1392 20 19 -1
1392 20 20 0
1392 20 21 0
77 21 9 0
80 21 10 -2
80 21 10 -1
15 21 10 0
80 21 10 1
80 21 10 2
77 21 11 -3
15 21 11 -2
15 21 11 -1
15 21 11 0
15 21 11 1
15 21 11 2
77 21 11 3
3992 21 12 -3
3973 21 12 -2
3977 21 12 2
3988 21 12 3
1392 21 14 -1
1392 21 15 -1
1392 21 16 -2
1392 21 17 -1
1392 21 18 -1
1392 21 19 0
1392 21 20 0
77 22 9 0
77 22 10 0
77 22 11 -2
77 22 11 -1
15 22 11 0
77 22 11 1
77 22 11 2
3992 22 12 -2
3985 22 12 -1
3969 22 12 0
3985 22 12 1
3988 22 12 2
1392 22 15 -1
1392 22 16 -1
1392 22 17 -1
1392 22 18 -1
1392 22 19 0
1392 22 20 0
77 23 10 0
77 23 11 0
3980 23 12 0
1392 23 15 0
1392 23 16 0
1392 23 17 -1
1392 23 18 0
1392 23 19 0
77 24 10 0
77 24 11 0
3996 24 12 0
3997 24 13 0
1392 24 16 0
1392 24 17 -1
1392 24 18 0
77 25 11 0
77 25 12 0
3997 25 13 0
1392 25 16 -1
1392 25 16 0
1392 25 17 0
1392 25 18 0
77 26 12 0
3997 26 13 0
3997 26 14 0
1392 26 16 -1
1392 26 16 0
1392 26 17 0
77 27 12 0
77 27 13 0
3997 27 14 0
1392 27 16 0
77 28 13 0
3997 28 14 0
1392 28 15 0
1392 28 16 0
77 29 13 0
3997 29 14 0
1392 29 15 0
77 30 13 0
3997 30 14 0
