15 -17 2 0
15 -17 3 0
3977 -17 5 0
3985 -17 5 1
3985 -17 5 2
3985 -17 5 3
3989 -17 5 4
3981 -17 6 4
15 -16 1 0
15 -16 2 0
73 -16 3 0
3980 -16 5 0
3996 -16 6 4
3993 -16 7 4
3973 -16 7 5
8313 -16 8 6
15 -15 0 0
15 -15 1 0
3997 -15 2 0
3997 -15 3 0
17 -15 4 -1
74 -15 4 0
17 -15 4 1
15 -15 5 -1
15 -15 5 0
15 -15 5 1
8737 -15 6 -1
8737 -15 6 0
8737 -15 6 1
3996 -15 7 5
3997 -15 8 5
8313 -15 8 6
8315 -15 9 6
73 -14 0 0
3997 -14 1 0
17 -14 2 -1
73 -14 2 0
17 -14 2 1
15 -14 3 -1
74 -14 3 0
15 -14 3 1
17 -14 4 -2
17 -14 4 -1
15 -14 4 0
17 -14 4 1
17 -14 4 2
15 -14 5 -2
15 -14 5 -1
15 -14 5 0
15 -14 5 1
15 -14 5 2
8737 -14 6 -2
8737 -14 6 -1
8737 -14 6 1
8737 -14 6 2
8313 -14 8 6
1391 -14 9 6
1384 -14 10 6
1384 -14 11 6
1384 -14 18 6
1391 -14 19 6
8315 -14 20 6
3997 -13 0 0
73 -13 1 0
17 -13 2 -2
17 -13 2 -1
15 -13 2 0
17 -13 2 1
17 -13 2 2
15 -13 3 -2
15 -13 3 2
17 -13 4 -2
15 -13 4 -1
15 -13 4 0
15 -13 4 1
17 -13 4 2
15 -13 5 -2
15 -13 5 -1
15 -13 5 0
15 -13 5 1
15 -13 5 2
8737 -13 6 -2
8737 -13 6 2
8313 -13 8 6
1391 -13 9 6
1384 -13 10 6
1384 -13 11 5
1384 -13 12 5
1384 -13 17 5
1384 -13 18 5
1391 -13 19 6
8315 -13 20 6
2023 -12 1 -1
73 -12 1 0
2023 -12 1 1
17 -12 2 -2
15 -12 2 -1
15 -12 2 0
15 -12 2 1
17 -12 2 2
15 -12 3 -2
15 -12 3 2
17 -12 4 -3
17 -12 4 -2
15 -12 4 -1
15 -12 4 0
15 -12 4 1
17 -12 4 2
17 -12 4 3
15 -12 5 -3
15 -12 5 -2
15 -12 5 -1
15 -12 5 0
15 -12 5 1
15 -12 5 2
15 -12 5 3
8737 -12 6 -3
8737 -12 6 -2
8737 -12 6 2
8737 -12 6 3
8313 -12 8 5
1391 -12 9 5
1384 -12 10 5
1384 -12 11 5
1384 -12 12 5
1384 -12 13 5
1384 -12 14 5
1384 -12 15 5
1384 -12 16 5
1384 -12 17 5
1384 -12 18 5
1391 -12 19 5
8315 -12 20 5
1391 -12 21 5
73 -11 0 0
5505 -11 1 -3
17 -11 1 -2
17 -11 1 -1
15 -11 1 0
17 -11 1 1
17 -11 1 2
5485 -11 1 3
17 -11 2 -3
17 -11 2 3
15 -11 3 -3
15 -11 3 3
17 -11 4 -3
15 -11 4 -2
15 -11 4 -1
15 -11 4 0
15 -11 4 1
15 -11 4 2
17 -11 4 3
15 -11 5 -3
15 -11 5 -2
15 -11 5 -1
15 -11 5 0
15 -11 5 1
15 -11 5 2
15 -11 5 3
8737 -11 6 -3
17114 -11 6 0
8737 -11 6 3
8313 -11 8 5
1391 -11 9 5
1384 -11 10 5
1384 -11 11 5
1384 -11 12 4
1384 -11 13 4
1384 -11 14 4
1384 -11 15 4
1384 -11 16 4
1384 -11 17 4
1384 -11 18 5
1391 -11 19 5
8315 -11 20 5
1391 -11 21 5
73 -10 0 0
1983 -10 1 -3
15 -10 1 -2
15 -10 1 -1
15 -10 1 0
15 -10 1 1
15 -10 1 2
1963 -10 1 3
17 -10 2 -3
17 -10 2 3
4112 -10 3 -4
15 -10 3 -3
15 -10 3 3
4128 -10 3 4
17 -10 4 -3
15 -10 4 -2
15 -10 4 -1
15 -10 4 0
15 -10 4 1
15 -10 4 2
17 -10 4 3
15 -10 5 -3
15 -10 5 -2
15 -10 5 -1
15 -10 5 0
15 -10 5 1
15 -10 5 2
15 -10 5 3
8737 -10 6 -3
8737 -10 6 3
8313 -10 8 4
1391 -10 9 4
1384 -10 10 4
1384 -10 11 4
1384 -10 12 4
1384 -10 13 4
1384 -10 14 4
1384 -10 15 4
1384 -10 16 4
1384 -10 17 4
1391 -10 18 4
8317 -10 19 4
1391 -10 20 4
1391 -10 21 4
2023 -9 0 -1
73 -9 0 0
2023 -9 0 1
1983 -9 1 -3
15 -9 1 -2
15 -9 1 -1
15 -9 1 0
15 -9 1 1
15 -9 1 2
1963 -9 1 3
17 -9 2 -3
17 -9 2 3
15 -9 3 -3
15 -9 3 3
17 -9 4 -4
17 -9 4 -3
15 -9 4 -2
15 -9 4 -1
15 -9 4 0
15 -9 4 1
15 -9 4 2
17 -9 4 3
17 -9 4 4
8737 -9 5 -4
15 -9 5 -3
15 -9 5 -2
15 -9 5 -1
15 -9 5 0
15 -9 5 1
15 -9 5 2
15 -9 5 3
8737 -9 5 4
8737 -9 6 -4
8737 -9 6 -3
8737 -9 6 3
8737 -9 6 4
8313 -9 8 4
1391 -9 9 4
1384 -9 10 4
1384 -9 11 3
1384 -9 12 3
1384 -9 13 3
1384 -9 14 3
1384 -9 15 3
1384 -9 16 3
1384 -9 17 4
1391 -9 18 4
8315 -9 19 4
1391 -9 20 4
1391 -9 21 4
73 -8 -1 0
5505 -8 0 -3
17 -8 0 -2
17 -8 0 -1
15 -8 0 0
17 -8 0 1
17 -8 0 2
5485 -8 0 3
5505 -8 1 -4
15 -8 1 -3
15 -8 1 3
5485 -8 1 4
17 -8 2 -4
1386 -8 2 -3
17 -8 2 4
4112 -8 3 -5
15 -8 3 -4
15 -8 3 4
4128 -8 3 5
17 -8 4 -4
15 -8 4 -3
15 -8 4 -2
15 -8 4 -1
15 -8 4 0
15 -8 4 1
15 -8 4 2
15 -8 4 3
17 -8 4 4
8737 -8 5 -4
74 -8 5 -3
2013 -8 5 -2
2013 -8 5 -1
74 -8 5 0
2013 -8 5 1
2013 -8 5 2
74 -8 5 3
8737 -8 5 4
74 -8 6 -3
74 -8 6 0
74 -8 6 3
8313 -8 8 3
1391 -8 9 3
1384 -8 10 3
1384 -8 11 3
1384 -8 12 3
1384 -8 13 3
1384 -8 14 3
1384 -8 15 3
1384 -8 16 3
1391 -8 17 3
8317 -8 18 3
1391 -8 19 3
1384 -8 20 3
1384 -8 21 3
1391 -8 22 3
73 -7 -1 0
1983 -7 0 -3
15 -7 0 -2
15 -7 0 -1
15 -7 0 0
15 -7 0 1
15 -7 0 2
1963 -7 0 3
1983 -7 1 -4
1386 -7 1 -3
1963 -7 1 4
17 -7 2 -4
1386 -7 2 -3
17 -7 2 4
17 -7 4 -4
15 -7 4 -3
15 -7 4 -2
15 -7 4 -1
15 -7 4 0
15 -7 4 1
15 -7 4 2
15 -7 4 3
17 -7 4 4
8737 -7 5 -4
8737 -7 5 4
8317 -7 8 3
1391 -7 9 3
1384 -7 10 2
1384 -7 11 2
1384 -7 12 2
1384 -7 13 2
1384 -7 14 2
1384 -7 15 3
1384 -7 16 3
1391 -7 17 3
8315 -7 18 3
1391 -7 19 3
1384 -7 20 2
1384 -7 21 2
1391 -7 22 3
73 -6 -1 0
1983 -6 0 -3
15 -6 0 -2
15 -6 0 -1
15 -6 0 0
15 -6 0 1
15 -6 0 2
1963 -6 0 3
1983 -6 1 -4
1386 -6 1 -3
1963 -6 1 4
17 -6 2 -4
1386 -6 2 -3
17 -6 2 4
17 -6 4 -4
15 -6 4 -3
15 -6 4 -2
15 -6 4 -1
15 -6 4 0
15 -6 4 1
15 -6 4 2
15 -6 4 3
17 -6 4 4
8737 -6 5 -4
8737 -6 5 4
8313 -6 7 2
1391 -6 8 2
1384 -6 9 2
1384 -6 10 2
1384 -6 11 2
1384 -6 12 2
1384 -6 13 2
1384 -6 14 2
1384 -6 15 2
1391 -6 16 2
8317 -6 17 2
1391 -6 18 2
1384 -6 19 2
1384 -6 20 1
1384 -6 21 1
1391 -6 22 2
2023 -5 -1 -1
73 -5 -1 0
2023 -5 -1 1
1983 -5 0 -3
15 -5 0 -2
15 -5 0 -1
15 -5 0 0
15 -5 0 1
15 -5 0 2
1963 -5 0 3
1983 -5 1 -4
15 -5 1 -3
74 -5 1 -2
74 -5 1 2
15 -5 1 3
1963 -5 1 4
17 -5 2 -4
15 -5 2 -3
74 -5 2 -2
74 -5 2 2
15 -5 2 3
17 -5 2 4
4112 -5 3 -5
15 -5 3 -4
15 -5 3 -3
74 -5 3 -2
74 -5 3 2
15 -5 3 3
15 -5 3 4
4128 -5 3 5
17 -5 4 -5
17 -5 4 -4
15 -5 4 -3
15 -5 4 -2
15 -5 4 -1
15 -5 4 0
15 -5 4 1
15 -5 4 2
15 -5 4 3
17 -5 4 4
17 -5 4 5
8737 -5 5 -5
8737 -5 5 -4
8737 -5 5 4
8737 -5 5 5
3997 -5 6 -6
3997 -5 6 6
3997 -5 7 -6
8313 -5 7 2
3997 -5 7 6
3997 -5 8 -6
1391 -5 8 2
3997 -5 8 6
3981 -5 9 -6
1384 -5 9 1
3997 -5 9 6
1384 -5 10 1
3997 -5 10 6
1384 -5 11 1
1384 -5 12 1
1384 -5 13 1
1384 -5 14 1
1384 -5 15 2
1391 -5 16 2
8315 -5 17 2
1391 -5 18 1
1384 -5 19 1
1384 -5 20 1
1384 -5 21 1
1384 -5 22 1
1391 -5 23 1
73 -4 -2 0
5505 -4 -1 -2
15 -4 -1 -1
15 -4 -1 0
15 -4 -1 1
5485 -4 -1 2
5505 -4 0 -4
17 -4 0 -3
15 -4 0 -2
15 -4 0 -1
15 -4 0 0
15 -4 0 1
15 -4 0 2
17 -4 0 3
5485 -4 0 4
5505 -4 1 -5
15 -4 1 -4
15 -4 1 -3
15 -4 1 3
15 -4 1 4
5485 -4 1 5
17 -4 2 -5
15 -4 2 -3
15 -4 2 3
17 -4 2 5
4112 -4 3 -6
15 -4 3 -5
15 -4 3 5
4128 -4 3 6
5505 -4 4 -6
17 -4 4 -5
15 -4 4 -4
15 -4 4 -3
15 -4 4 -2
15 -4 4 -1
15 -4 4 0
15 -4 4 1
15 -4 4 2
15 -4 4 3
15 -4 4 4
17 -4 4 5
5485 -4 4 6
8737 -4 5 -6
8737 -4 5 -5
8737 -4 5 5
8737 -4 5 6
3997 -4 6 -6
3997 -4 6 6
3997 -4 7 -6
8313 -4 7 1
3997 -4 7 6
3997 -4 8 -6
1391 -4 8 1
3997 -4 8 6
3976 -4 9 -6
3973 -4 9 -5
1384 -4 9 1
3997 -4 9 6
3997 -4 10 -5
1384 -4 10 1
3997 -4 10 5
3997 -4 10 6
3997 -4 11 -5
1384 -4 11 1
3997 -4 11 5
3997 -4 12 -5
1384 -4 12 1
3997 -4 12 5
3997 -4 13 -5
1384 -4 13 1
3997 -4 13 5
3997 -4 14 -5
1384 -4 14 1
3997 -4 14 5
3981 -4 15 -5
1391 -4 15 1
8317 -4 16 1
1391 -4 17 1
1384 -4 18 1
1384 -4 21 0
1384 -4 21 1
1384 -4 22 0
1391 -4 23 0
73 -3 -2 0
1983 -3 -1 -2
15 -3 -1 -1
15 -3 -1 0
15 -3 -1 1
1963 -3 -1 2
1983 -3 0 -4
15 -3 0 -3
15 -3 0 -2
15 -3 0 -1
15 -3 0 0
15 -3 0 1
15 -3 0 2
15 -3 0 3
1963 -3 0 4
1983 -3 1 -5
15 -3 1 -4
15 -3 1 4
1963 -3 1 5
17 -3 2 -5
17 -3 2 5
5545 -3 3 -4
5505 -3 4 -6
17 -3 4 -5
5535 -3 4 -4
15 -3 4 -3
15 -3 4 -2
15 -3 4 -1
15 -3 4 0
15 -3 4 1
15 -3 4 2
15 -3 4 3
15 -3 4 4
17 -3 4 5
5485 -3 4 6
8737 -3 5 -6
8737 -3 5 6
3997 -3 6 -6
3997 -3 6 6
3997 -3 7 -6
8313 -3 7 1
3997 -3 7 6
3997 -3 8 -6
1391 -3 8 1
3997 -3 8 6
3976 -3 9 -6
3972 -3 9 -5
1384 -3 9 1
3997 -3 9 6
3997 -3 10 -5
1384 -3 10 1
3997 -3 10 5
3997 -3 10 6
3997 -3 11 -5
1384 -3 11 1
3997 -3 11 5
3997 -3 12 -5
1384 -3 12 1
3997 -3 12 5
3997 -3 13 -5
1384 -3 13 1
3997 -3 13 5
3997 -3 14 -5
1384 -3 14 1
3997 -3 14 4
3997 -3 14 5
3976 -3 15 -5
3973 -3 15 -4
1391 -3 15 1
3997 -3 15 4
3997 -3 16 -4
8315 -3 16 1
3997 -3 16 4
3997 -3 17 -4
1391 -3 17 1
3997 -3 17 4
3997 -3 18 -4
3997 -3 18 4
3997 -3 19 -4
3981 -3 20 -4
1384 -3 22 0
1384 -3 23 0
1391 -3 24 0
73 -2 -2 0
1983 -2 -1 -2
15 -2 -1 -1
15 -2 -1 0
15 -2 -1 1
1963 -2 -1 2
1983 -2 0 -4
15 -2 0 -3
15 -2 0 -2
15 -2 0 -1
74 -2 0 0
15 -2 0 1
15 -2 0 2
15 -2 0 3
1963 -2 0 4
1983 -2 1 -5
15 -2 1 -4
74 -2 1 0
15 -2 1 4
1963 -2 1 5
17 -2 2 -5
5545 -2 2 -4
74 -2 2 0
17 -2 2 5
4112 -2 3 -6
15 -2 3 -5
5535 -2 3 -4
74 -2 3 0
15 -2 3 5
4128 -2 3 6
5505 -2 4 -6
17 -2 4 -5
15 -2 4 -3
15 -2 4 -2
15 -2 4 -1
74 -2 4 0
15 -2 4 1
15 -2 4 2
15 -2 4 3
15 -2 4 4
17 -2 4 5
5485 -2 4 6
8737 -2 5 -6
74 -2 5 0
8737 -2 5 6
3997 -2 6 -6
3997 -2 6 6
3997 -2 7 -6
74 -2 7 0
3997 -2 7 6
3997 -2 8 -6
74 -2 8 0
3997 -2 8 6
3992 -2 9 -6
3988 -2 9 -5
3997 -2 9 6
3997 -2 10 -5
74 -2 10 0
3997 -2 10 5
3997 -2 10 6
3997 -2 11 -5
74 -2 11 0
3997 -2 11 5
3997 -2 12 -5
74 -2 12 0
3997 -2 12 5
3997 -2 13 -5
3997 -2 13 5
3997 -2 14 -5
3997 -2 14 4
3997 -2 14 5
3992 -2 15 -5
3988 -2 15 -4
74 -2 15 0
3997 -2 15 4
3997 -2 16 -4
74 -2 16 0
3997 -2 16 4
3997 -2 17 -4
74 -2 17 0
3997 -2 17 4
3997 -2 18 -4
3997 -2 18 3
3997 -2 18 4
3997 -2 19 -4
3997 -2 19 3
3992 -2 20 -4
3989 -2 20 -3
74 -2 20 0
3997 -2 20 3
3997 -2 21 -3
74 -2 21 0
3997 -2 21 2
3997 -2 21 3
3993 -2 22 -3
3989 -2 22 -2
3997 -2 22 2
3997 -2 23 -2
74 -2 23 0
3997 -2 23 1
3997 -2 23 2
3993 -2 24 -2
3989 -2 24 -1
74 -2 24 0
3997 -2 24 1
3997 -2 25 -1
3997 -2 25 1
3997 -2 26 0
3997 -2 27 0
3997 -2 28 0
3997 -2 29 0
8315 -2 30 0
73 -1 -2 0
1983 -1 -1 -2
15 -1 -1 -1
15 -1 -1 0
15 -1 -1 1
1963 -1 -1 2
1983 -1 0 -4
15 -1 0 -3
15 -1 0 -2
15 -1 0 -1
15 -1 0 0
15 -1 0 1
15 -1 0 2
15 -1 0 3
1963 -1 0 4
1983 -1 1 -5
15 -1 1 -4
15 -1 1 -3
15 -1 1 0
15 -1 1 3
15 -1 1 4
1963 -1 1 5
17 -1 2 -5
5535 -1 2 -4
15 -1 2 -3
15 -1 2 0
15 -1 2 3
17 -1 2 5
5505 -1 4 -6
17 -1 4 -5
15 -1 4 -3
15 -1 4 -2
15 -1 4 -1
15 -1 4 0
15 -1 4 1
15 -1 4 2
15 -1 4 3
15 -1 4 4
17 -1 4 5
5485 -1 4 6
8737 -1 5 -6
8737 -1 5 6
1391 -1 7 0
1384 -1 8 0
1384 -1 16 0
1384 -1 17 0
1384 -1 18 0
1384 -1 19 0
1384 -1 20 0
1391 -1 21 0
8313 -1 22 0
8317 -1 23 0
8315 -1 24 0
1384 -1 26 0
1384 -1 27 0
1384 -1 28 0
1384 -1 29 0
73 0 -2 0
5505 0 -1 -2
15 0 -1 -1
15 0 -1 0
15 0 -1 1
5485 0 -1 2
5505 0 0 -4
17 0 0 -3
15 0 0 -2
15 0 0 -1
15 0 0 0
15 0 0 1
15 0 0 2
17 0 0 3
5485 0 0 4
5505 0 1 -5
15 0 1 -4
5495 0 1 -3
15 0 1 4
5485 0 1 5
17 0 2 -5
17 0 2 5
4112 0 3 -6
15 0 3 -5
15 0 3 5
4128 0 3 6
5505 0 4 -6
17 0 4 -5
15 0 4 -3
15 0 4 -2
15 0 4 -1
15 0 4 0
15 0 4 1
15 0 4 2
15 0 4 3
15 0 4 4
17 0 4 5
5485 0 4 6
8737 0 5 -6
8737 0 5 6
1391 0 7 0
1384 0 8 -1
1384 0 9 -1
1384 0 15 -1
1384 0 16 -1
1384 0 17 -1
1391 0 18 0
1391 0 19 0
1391 0 20 0
8313 0 21 0
8317 0 22 0
1391 0 26 -1
1391 0 27 -1
1391 0 28 -1
73 1 -2 0
1983 1 -1 -2
15 1 -1 -1
15 1 -1 0
15 1 -1 1
1963 1 -1 2
1983 1 0 -4
15 1 0 -3
15 1 0 -2
15 1 0 -1
15 1 0 0
15 1 0 1
15 1 0 2
15 1 0 3
1963 1 0 4
1983 1 1 -5
15 1 1 -4
5495 1 1 -3
15 1 1 4
1963 1 1 5
17 1 2 -5
17 1 2 5
5505 1 4 -6
17 1 4 -5
15 1 4 -4
15 1 4 -3
15 1 4 -2
15 1 4 -1
15 1 4 0
15 1 4 1
15 1 4 2
15 1 4 3
15 1 4 4
17 1 4 5
5485 1 4 6
8737 1 5 -6
8737 1 5 6
1391 1 7 -1
1384 1 8 -1
1384 1 9 -1
1384 1 10 -1
1384 1 11 -1
1384 1 12 -1
1384 1 13 -1
1384 1 14 -1
1384 1 15 -1
1384 1 16 -1
1384 1 17 -1
1391 1 18 -1
8313 1 19 -1
8317 1 20 -1
8315 1 21 -1
1384 1 26 -1
1384 1 27 -1
1384 1 28 -1
73 2 -2 0
1983 2 -1 -2
15 2 -1 -1
15 2 -1 0
15 2 -1 1
1963 2 -1 2
1983 2 0 -4
15 2 0 -3
15 2 0 -2
15 2 0 -1
15 2 0 0
15 2 0 1
15 2 0 2
15 2 0 3
1963 2 0 4
1983 2 1 -5
15 2 1 -4
15 2 1 -3
15 2 1 0
15 2 1 3
15 2 1 4
1963 2 1 5
17 2 2 -5
15 2 2 -3
15 2 2 0
15 2 2 3
17 2 2 5
4112 2 3 -6
15 2 3 -5
15 2 3 5
4128 2 3 6
5505 2 4 -6
17 2 4 -5
15 2 4 -4
15 2 4 -3
15 2 4 -2
4166 2 4 -1
4166 2 4 0
4166 2 4 1
15 2 4 2
15 2 4 3
15 2 4 4
17 2 4 5
5485 2 4 6
8737 2 5 -6
8737 2 5 6
1391 2 7 -1
1384 2 8 -1
1384 2 9 -2
1384 2 10 -2
1384 2 11 -2
1384 2 12 -2
1384 2 13 -2
1384 2 14 -2
1391 2 15 -1
1391 2 16 -1
1391 2 17 -1
8313 2 18 -1
8317 2 19 -1
1391 2 26 -2
1391 2 27 -2
73 3 -2 0
1983 3 -1 -2
15 3 -1 -1
15 3 -1 0
15 3 -1 1
1963 3 -1 2
1983 3 0 -4
15 3 0 -3
15 3 0 -2
15 3 0 -1
15 3 0 0
15 3 0 1
15 3 0 2
15 3 0 3
1963 3 0 4
1983 3 1 -5
15 3 1 -4
15 3 1 4
1963 3 1 5
17 3 2 -5
17 3 2 5
5505 3 4 -6
17 3 4 -5
15 3 4 -4
15 3 4 -3
15 3 4 -2
4134 3 4 -1
4118 3 4 1
15 3 4 2
15 3 4 3
15 3 4 4
17 3 4 5
5485 3 4 6
8737 3 5 -6
8737 3 5 6
1391 3 8 -2
1384 3 9 -2
1384 3 10 -2
1384 3 11 -2
1384 3 12 -2
1384 3 13 -2
1384 3 14 -2
1391 3 15 -2
8313 3 16 -2
8317 3 17 -2
8315 3 18 -2
1384 3 26 -3
1384 3 27 -3
73 4 -2 0
5505 4 -1 -2
15 4 -1 -1
15 4 -1 0
15 4 -1 1
5485 4 -1 2
5505 4 0 -4
17 4 0 -3
15 4 0 -2
15 4 0 -1
15 4 0 0
15 4 0 1
15 4 0 2
17 4 0 3
5485 4 0 4
5505 4 1 -5
15 4 1 -4
15 4 1 4
5485 4 1 5
17 4 2 -5
17 4 2 5
4112 4 3 -6
15 4 3 -5
15 4 3 5
4128 4 3 6
5505 4 4 -6
17 4 4 -5
15 4 4 -4
15 4 4 -3
15 4 4 -2
4150 4 4 -1
4150 4 4 0
4150 4 4 1
15 4 4 2
15 4 4 3
15 4 4 4
17 4 4 5
5485 4 4 6
8737 4 5 -6
8737 4 5 -5
8737 4 5 5
8737 4 5 6
1391 4 8 -2
1384 4 9 -3
1384 4 10 -3
1384 4 11 -3
1384 4 12 -3
1391 4 13 -2
1391 4 14 -2
8313 4 15 -2
8317 4 16 -2
1391 4 26 -4
2003 5 -1 -1
73 5 -1 0
2003 5 -1 1
2003 5 0 -3
1983 5 0 -2
15 5 0 -1
15 5 0 0
15 5 0 1
1963 5 0 2
2003 5 0 3
1983 5 1 -4
15 5 1 -3
74 5 1 -2
74 5 1 2
15 5 1 3
1963 5 1 4
17 5 2 -4
15 5 2 -3
74 5 2 -2
74 5 2 2
15 5 2 3
17 5 2 4
4112 5 3 -5
15 5 3 -4
15 5 3 -3
74 5 3 -2
74 5 3 2
15 5 3 3
15 5 3 4
4128 5 3 5
17 5 4 -5
17 5 4 -4
15 5 4 -3
15 5 4 -2
15 5 4 -1
15 5 4 0
15 5 4 1
15 5 4 2
15 5 4 3
17 5 4 4
17 5 4 5
8737 5 5 -5
8737 5 5 -4
8737 5 5 4
8737 5 5 5
1391 5 7 -3
1384 5 8 -3
1384 5 9 -3
1384 5 10 -3
1384 5 11 -3
1391 5 12 -3
8313 5 13 -3
8317 5 14 -3
8315 5 15 -3
73 6 -1 0
1983 6 0 -2
15 6 0 -1
15 6 0 0
15 6 0 1
1963 6 0 2
1983 6 1 -4
15 6 1 -3
15 6 1 3
1963 6 1 4
17 6 2 -4
17 6 2 4
17 6 4 -4
15 6 4 -3
15 6 4 -2
15 6 4 -1
15 6 4 0
15 6 4 1
15 6 4 2
15 6 4 3
17 6 4 4
8737 6 5 -4
8737 6 5 4
1391 6 7 -3
1384 6 8 -4
1384 6 9 -4
1391 6 10 -3
1391 6 11 -3
8313 6 12 -3
8317 6 13 -3
73 7 -1 0
5505 7 0 -2
15 7 0 -1
15 7 0 0
15 7 0 1
5485 7 0 2
5505 7 1 -4
17 7 1 -3
17 7 1 3
5485 7 1 4
17 7 2 -4
15 7 2 -3
15 7 2 3
17 7 2 4
4112 7 3 -5
15 7 3 -4
15 7 3 -3
15 7 3 3
15 7 3 4
4128 7 3 5
17 7 4 -4
15 7 4 -3
15 7 4 -2
15 7 4 -1
15 7 4 0
15 7 4 1
15 7 4 2
15 7 4 3
17 7 4 4
8737 7 5 -4
8737 7 5 4
1391 7 6 -4
1384 7 7 -4
1384 7 8 -4
1391 7 9 -4
8313 7 10 -4
8317 7 11 -4
8315 7 12 -4
2003 8 0 -1
73 8 0 0
2003 8 0 1
1983 8 1 -3
15 8 1 -2
15 8 1 2
1963 8 1 3
17 8 2 -3
17 8 2 3
17 8 4 -4
17 8 4 -3
15 8 4 -2
15 8 4 -1
15 8 4 0
15 8 4 1
15 8 4 2
17 8 4 3
17 8 4 4
8737 8 5 -4
8737 8 5 -3
8737 8 5 3
8737 8 5 4
1391 8 6 -4
1391 8 7 -4
1391 8 8 -4
8313 8 9 -4
8317 8 10 -4
73 9 0 0
5505 9 1 -3
15 9 1 -2
15 9 1 -1
15 9 1 1
15 9 1 2
5485 9 1 3
17 9 2 -3
15 9 2 -2
15 9 2 2
17 9 2 3
4112 9 3 -4
15 9 3 -3
15 9 3 3
4128 9 3 4
17 9 4 -3
15 9 4 -2
15 9 4 -1
15 9 4 0
15 9 4 1
15 9 4 2
17 9 4 3
1391 9 5 -5
8737 9 5 -3
8737 9 5 3
1391 9 6 -5
8313 9 7 -5
8317 9 8 -5
8315 9 9 -5
2003 10 1 -2
15 10 1 -1
73 10 1 0
15 10 1 1
2003 10 1 2
17 10 2 -2
15 10 2 -1
15 10 2 0
15 10 2 1
17 10 2 2
15 10 3 -2
15 10 3 2
17 10 4 -3
17 10 4 -2
15 10 4 -1
15 10 4 0
15 10 4 1
17 10 4 2
17 10 4 3
1391 10 5 -5
8737 10 5 -3
8737 10 5 -2
8737 10 5 2
8737 10 5 3
8313 10 6 -5
8317 10 7 -5
5525 11 1 -1
73 11 1 0
5525 11 1 1
17 11 2 -2
15 11 2 -1
15 11 2 0
15 11 2 1
17 11 2 2
15 11 3 -2
1386 11 3 -1
1386 11 3 0
1386 11 3 1
15 11 3 2
17 11 4 -2
15 11 4 -1
15 11 4 0
15 11 4 1
17 11 4 2
8737 11 5 -2
8737 11 5 2
17 12 2 -1
73 12 2 0
17 12 2 1
15 12 3 -1
15 12 3 0
15 12 3 1
17 12 4 -2
17 12 4 -1
15 12 4 0
17 12 4 1
17 12 4 2
8737 12 5 -2
8737 12 5 -1
2033 12 5 0
8737 12 5 1
8737 12 5 2
74 13 3 0
17 13 4 -1
74 13 4 0
17 13 4 1
8737 13 5 -1
74 13 5 0
8737 13 5 1
8315 13 6 0
5525 14 4 0
17 14 5 0
5555 14 6 0
