74 -7 2 -7
14 -7 2 -6
14 -7 2 -5
14 -7 2 -4
14 -7 2 -3
14 -7 2 -2
14 -7 2 -1
14 -7 2 0
14 -7 2 1
14 -7 2 2
14 -7 2 3
14 -7 2 4
14 -7 2 5
74 -7 2 6
74 -7 3 -7
14 -7 3 -6
14 -7 3 -5
14 -7 3 -4
14 -7 3 -2
14 -7 3 -1
14 -7 3 0
14 -7 3 1
14 -7 3 3
14 -7 3 4
14 -7 3 5
74 -7 3 6
74 -7 4 -7
14 -7 4 -6
14 -7 4 -5
14 -7 4 -4
8367 -7 4 -3
14 -7 4 -2
14 -7 4 -1
14 -7 4 0
14 -7 4 1
8367 -7 4 2
14 -7 4 3
14 -7 4 4
14 -7 4 5
74 -7 4 6
74 -7 5 -7
14 -7 5 -6
14 -7 5 -5
14 -7 5 -4
14 -7 5 -3
14 -7 5 -2
14 -7 5 -1
14 -7 5 0
14 -7 5 1
14 -7 5 2
14 -7 5 3
14 -7 5 4
14 -7 5 5
74 -7 5 6
15 -6 1 -6
15 -6 1 -5
14 -6 2 -7
34 -6 2 -6
34 -6 2 -5
15 -6 2 -4
14 -6 2 6
14 -6 3 -7
14 -6 3 6
14 -6 4 -7
14 -6 4 6
14 -6 5 -7
15 -6 5 -6
15 -6 5 -5
15 -6 5 -4
15 -6 5 -3
15 -6 5 -2
15 -6 5 -1
15 -6 5 0
15 -6 5 1
15 -6 5 2
15 -6 5 3
15 -6 5 4
15 -6 5 5
14 -6 5 6
15 -5 1 -6
15 -5 1 -5
14 -5 2 -7
34 -5 2 -6
34 -5 2 -5
15 -5 2 -4
14 -5 2 6
14 -5 3 -7
14 -5 3 6
14 -5 4 -7
14 -5 4 6
14 -5 5 -7
15 -5 5 -6
15 -5 5 -5
15 -5 5 -4
15 -5 5 -3
15 -5 5 -2
15 -5 5 -1
15 -5 5 0
15 -5 5 1
15 -5 5 2
15 -5 5 3
15 -5 5 4
15 -5 5 5
14 -5 5 6
14 -4 2 -7
15 -4 2 -6
15 -4 2 -5
14 -4 2 6
14 -4 3 -7
14 -4 3 6
14 -4 4 -7
14 -4 4 6
14 -4 5 -7
15 -4 5 -6
15 -4 5 -5
15 -4 5 -4
15 -4 5 -3
15 -4 5 -2
15 -4 5 -1
15 -4 5 0
15 -4 5 1
15 -4 5 2
15 -4 5 3
15 -4 5 4
15 -4 5 5
14 -4 5 6
14 -3 2 -7
15 -3 2 0
14 -3 2 6
8367 -3 4 -7
8367 -3 4 6
14 -3 5 -7
15 -3 5 -6
15 -3 5 -5
15 -3 5 -4
15 -3 5 -3
15 -3 5 -2
15 -3 5 -1
15 -3 5 0
15 -3 5 1
15 -3 5 2
15 -3 5 3
15 -3 5 4
15 -3 5 5
14 -3 5 6
14 -2 2 -7
15 -2 2 -1
15 -2 2 0
15 -2 2 1
14 -2 2 6
14 -2 3 -7
14 -2 3 6
14 -2 4 -7
14 -2 4 6
14 -2 5 -7
15 -2 5 -6
15 -2 5 -5
15 -2 5 -4
15 -2 5 -3
15 -2 5 -2
15 -2 5 -1
15 -2 5 0
15 -2 5 1
15 -2 5 2
15 -2 5 3
15 -2 5 4
15 -2 5 5
14 -2 5 6
14 -1 2 -7
15 -1 2 -2
15 -1 2 -1
15 -1 2 0
15 -1 2 1
15 -1 2 2
14 -1 2 6
14 -1 3 -7
14 -1 3 6
14 -1 4 -7
14 -1 4 6
14 -1 5 -7
15 -1 5 -6
15 -1 5 -5
15 -1 5 -4
15 -1 5 -3
15 -1 5 -2
4013 -1 5 -1
4013 -1 5 0
15 -1 5 1
15 -1 5 2
15 -1 5 3
15 -1 5 4
15 -1 5 5
14 -1 5 6
14 0 2 -7
15 0 2 -2
15 0 2 -1
15 0 2 1
15 0 2 2
14 0 2 6
14 0 3 -7
14 0 3 6
14 0 4 -7
14 0 4 6
14 0 5 -7
15 0 5 -6
15 0 5 -5
15 0 5 -4
15 0 5 -3
15 0 5 -2
4013 0 5 -1
4013 0 5 0
15 0 5 1
15 0 5 2
15 0 5 3
15 0 5 4
15 0 5 5
14 0 5 6
14 1 2 -7
15 1 2 -2
15 1 2 -1
15 1 2 1
15 1 2 2
14 1 2 6
14 1 3 -7
14 1 3 6
14 1 4 -7
14 1 4 6
14 1 5 -7
15 1 5 -6
15 1 5 -5
15 1 5 -4
15 1 5 -3
15 1 5 -2
15 1 5 -1
15 1 5 0
15 1 5 1
15 1 5 2
15 1 5 3
15 1 5 4
15 1 5 5
14 1 5 6
14 2 2 -7
15 2 2 -2
15 2 2 -1
15 2 2 1
15 2 2 2
14 2 2 6
8367 2 4 -7
8367 2 4 6
14 2 5 -7
15 2 5 -6
15 2 5 -5
15 2 5 -4
15 2 5 -3
15 2 5 -2
15 2 5 -1
15 2 5 0
15 2 5 1
15 2 5 2
15 2 5 3
15 2 5 4
15 2 5 5
14 2 5 6
14 3 2 -7
15 3 2 -2
15 3 2 -1
15 3 2 0
15 3 2 1
15 3 2 2
14 3 2 6
14 3 3 -7
14 3 3 6
14 3 4 -7
14 3 4 6
14 3 5 -7
15 3 5 -6
15 3 5 -5
15 3 5 -4
15 3 5 -3
15 3 5 -2
15 3 5 -1
15 3 5 0
15 3 5 1
15 3 5 2
15 3 5 3
15 3 5 4
15 3 5 5
14 3 5 6
14 4 2 -7
3726 4 2 -6
1064 4 2 5
14 4 2 6
14 4 3 -7
14 4 3 6
14 4 4 -7
74 4 4 -5
14 4 4 6
14 4 5 -7
3706 4 5 -5
14 4 5 -4
15 4 5 -3
15 4 5 -2
15 4 5 -1
15 4 5 0
15 4 5 1
15 4 5 2
15 4 5 3
15 4 5 4
15 4 5 5
14 4 5 6
14 5 2 -7
17113 5 2 4
1063 5 2 5
14 5 2 6
14 5 3 -7
3726 5 3 -6
14 5 3 6
14 5 4 -7
3686 5 4 -5
14 5 4 6
14 5 5 -7
14 5 5 -4
15 5 5 -3
15 5 5 -2
15 5 5 -1
15 5 5 0
15 5 5 1
15 5 5 2
15 5 5 3
15 5 5 4
15 5 5 5
14 5 5 6
74 6 2 -7
14 6 2 -6
14 6 2 -5
14 6 2 -4
14 6 2 -3
14 6 2 -2
14 6 2 -1
14 6 2 0
14 6 2 1
14 6 2 2
14 6 2 3
14 6 2 4
14 6 2 5
74 6 2 6
74 6 3 -7
14 6 3 -6
14 6 3 -5
14 6 3 -4
14 6 3 -2
14 6 3 -1
14 6 3 0
14 6 3 1
14 6 3 3
14 6 3 4
14 6 3 5
74 6 3 6
74 6 4 -7
14 6 4 -6
14 6 4 -5
14 6 4 -4
8367 6 4 -3
14 6 4 -2
14 6 4 -1
14 6 4 0
14 6 4 1
8367 6 4 2
14 6 4 3
14 6 4 4
14 6 4 5
74 6 4 6
74 6 5 -7
14 6 5 -6
14 6 5 -5
14 6 5 -4
14 6 5 -3
14 6 5 -2
14 6 5 -1
14 6 5 0
14 6 5 1
14 6 5 2
14 6 5 3
14 6 5 4
14 6 5 5
74 6 5 6
