15 -16 2 -16
15 -16 2 -15
15 -16 2 -14
15 -16 2 -13
15 -16 2 -12
15 -16 2 -11
15 -16 2 -10
15 -16 2 -9
15 -16 2 -8
15 -16 2 -7
15 -16 2 -6
15 -16 2 -5
15 -16 2 -4
15 -16 2 -3
15 -16 2 -2
16 -16 2 -1
16 -16 2 0
15 -16 2 1
15 -16 2 2
15 -16 2 3
15 -16 2 4
15 -16 2 5
15 -16 2 6
15 -16 2 7
15 -16 2 8
15 -16 2 9
15 -16 2 10
15 -16 2 11
15 -16 2 12
15 -16 2 13
15 -16 2 14
15 -16 2 15
15 -15 2 -16
15 -15 2 -15
15 -15 2 -14
15 -15 2 -13
15 -15 2 -12
15 -15 2 -11
15 -15 2 -10
15 -15 2 -9
15 -15 2 -8
15 -15 2 -7
15 -15 2 -6
15 -15 2 -5
15 -15 2 -4
15 -15 2 -3
15 -15 2 -2
16 -15 2 -1
16 -15 2 0
15 -15 2 1
15 -15 2 2
15 -15 2 3
15 -15 2 4
15 -15 2 5
15 -15 2 6
15 -15 2 7
15 -15 2 8
15 -15 2 9
15 -15 2 10
15 -15 2 11
15 -15 2 12
15 -15 2 13
15 -15 2 14
15 -15 2 15
14800 -15 3 -9
14800 -15 3 2
14792 -15 3 10
14792 -15 3 13
14798 -15 3 14
15 -14 2 -16
15 -14 2 -15
15 -14 2 -14
15 -14 2 -13
15 -14 2 -12
15 -14 2 -11
15 -14 2 -10
15 -14 2 -9
15 -14 2 -8
15 -14 2 -7
15 -14 2 -6
15 -14 2 -5
15 -14 2 -4
15 -14 2 -3
15 -14 2 -2
16 -14 2 -1
16 -14 2 0
15 -14 2 1
15 -14 2 2
15 -14 2 3
15 -14 2 4
15 -14 2 5
15 -14 2 6
15 -14 2 7
15 -14 2 8
15 -14 2 9
15 -14 2 10
15 -14 2 11
15 -14 2 12
15 -14 2 13
15 -14 2 14
15 -14 2 15
14800 -14 3 -5
14800 -14 3 6
14800 -14 3 14
15 -13 2 -16
15 -13 2 -15
15 -13 2 -14
15 -13 2 -13
15 -13 2 -12
15 -13 2 -11
15 -13 2 -10
15 -13 2 -9
15 -13 2 -8
15 -13 2 -7
15 -13 2 -6
15 -13 2 -5
15 -13 2 -4
15 -13 2 -3
15 -13 2 -2
16 -13 2 -1
16 -13 2 0
15 -13 2 1
15 -13 2 2
15 -13 2 3
15 -13 2 4
15 -13 2 5
15 -13 2 6
15 -13 2 7
15 -13 2 8
15 -13 2 9
15 -13 2 10
15 -13 2 11
15 -13 2 12
15 -13 2 13
15 -13 2 14
15 -13 2 15
15 -12 2 -16
15 -12 2 -15
15 -12 2 -14
15 -12 2 -13
15 -12 2 -12
15 -12 2 -11
15 -12 2 -10
15 -12 2 -9
15 -12 2 -8
15 -12 2 -7
15 -12 2 -6
15 -12 2 -5
15 -12 2 -4
15 -12 2 -3
15 -12 2 -2
16 -12 2 -1
16 -12 2 0
15 -12 2 1
15 -12 2 2
15 -12 2 3
15 -12 2 4
15 -12 2 5
15 -12 2 6
15 -12 2 7
15 -12 2 8
15 -12 2 9
15 -12 2 10
15 -12 2 11
15 -12 2 12
15 -12 2 13
15 -12 2 14
15 -12 2 15
15 -11 2 -16
15 -11 2 -15
15 -11 2 -14
15 -11 2 -13
15 -11 2 -12
15 -11 2 -11
15 -11 2 -10
15 -11 2 -9
15 -11 2 -8
15 -11 2 -7
15 -11 2 -6
15 -11 2 -5
15 -11 2 -4
15 -11 2 -3
15 -11 2 -2
16 -11 2 -1
16 -11 2 0
15 -11 2 1
15 -11 2 2
15 -11 2 3
15 -11 2 4
15 -11 2 5
15 -11 2 6
15 -11 2 7
15 -11 2 8
15 -11 2 9
15 -11 2 10
15 -11 2 11
15 -11 2 12
15 -11 2 13
15 -11 2 14
15 -11 2 15
15 -10 2 -16
15 -10 2 -15
15 -10 2 -14
15 -10 2 -13
15 -10 2 -12
15 -10 2 -11
15 -10 2 -10
15 -10 2 -9
15 -10 2 -8
15 -10 2 -7
15 -10 2 -6
15 -10 2 -5
15 -10 2 -4
15 -10 2 -3
15 -10 2 -2
16 -10 2 -1
16 -10 2 0
15 -10 2 1
15 -10 2 2
15 -10 2 3
15 -10 2 4
15 -10 2 5
15 -10 2 6
15 -10 2 7
15 -10 2 8
15 -10 2 9
15 -10 2 10
15 -10 2 11
15 -10 2 12
15 -10 2 13
15 -10 2 14
15 -10 2 15
14800 -10 3 14
15 -9 2 -16
15 -9 2 -15
15 -9 2 -14
15 -9 2 -13
15 -9 2 -12
15 -9 2 -11
15 -9 2 -10
15 -9 2 -9
15 -9 2 -8
15 -9 2 -7
15 -9 2 -6
15 -9 2 -5
15 -9 2 -4
15 -9 2 -3
15 -9 2 -2
16 -9 2 -1
16 -9 2 0
15 -9 2 1
15 -9 2 2
15 -9 2 3
15 -9 2 4
15 -9 2 5
15 -9 2 6
15 -9 2 7
15 -9 2 8
15 -9 2 9
15 -9 2 10
15 -9 2 11
15 -9 2 12
15 -9 2 13
15 -9 2 14
15 -9 2 15
15 -8 2 -16
15 -8 2 -15
15 -8 2 -14
15 -8 2 -13
15 -8 2 -12
15 -8 2 -11
15 -8 2 -10
15 -8 2 -9
15 -8 2 -8
15 -8 2 -7
15 -8 2 -6
15 -8 2 -5
15 -8 2 -4
15 -8 2 -3
15 -8 2 -2
16 -8 2 -1
16 -8 2 0
15 -8 2 1
15 -8 2 2
15 -8 2 3
15 -8 2 4
15 -8 2 5
15 -8 2 6
15 -8 2 7
15 -8 2 8
15 -8 2 9
15 -8 2 10
15 -8 2 11
15 -8 2 12
15 -8 2 13
15 -8 2 14
15 -8 2 15
14800 -8 3 -15
15 -7 2 -16
15 -7 2 -15
15 -7 2 -14
15 -7 2 -13
15 -7 2 -12
15 -7 2 -11
15 -7 2 -10
15 -7 2 -9
15 -7 2 -8
15 -7 2 -7
15 -7 2 -6
15 -7 2 -5
15 -7 2 -4
15 -7 2 -3
15 -7 2 -2
16 -7 2 -1
16 -7 2 0
15 -7 2 1
15 -7 2 2
15 -7 2 3
15 -7 2 4
15 -7 2 5
15 -7 2 6
15 -7 2 7
15 -7 2 8
15 -7 2 9
15 -7 2 10
15 -7 2 11
15 -7 2 12
15 -7 2 13
15 -7 2 14
15 -7 2 15
74 -7 3 -7
14 -7 3 -6
14 -7 3 -5
14 -7 3 -4
14 -7 3 -3
14 -7 3 -2
14 -7 3 1
14 -7 3 2
14 -7 3 3
14 -7 3 4
14 -7 3 5
74 -7 3 6
74 -7 4 -7
14 -7 4 -6
14 -7 4 -5
14 -7 4 -4
14 -7 4 -2
14 -7 4 1
14 -7 4 3
14 -7 4 4
14 -7 4 5
74 -7 4 6
74 -7 5 -7
14 -7 5 -6
14 -7 5 -5
14 -7 5 -4
14 -7 5 -2
14 -7 5 -1
14 -7 5 0
14 -7 5 1
14 -7 5 3
14 -7 5 4
14 -7 5 5
74 -7 5 6
74 -7 6 -7
14 -7 6 -6
14 -7 6 -5
14 -7 6 -4
14 -7 6 -3
14 -7 6 -2
14 -7 6 -1
14 -7 6 0
14 -7 6 1
14 -7 6 2
14 -7 6 3
14 -7 6 4
14 -7 6 5
74 -7 6 6
15 -6 2 -16
15 -6 2 -15
15 -6 2 -14
15 -6 2 -13
15 -6 2 -12
15 -6 2 -11
15 -6 2 -10
15 -6 2 -9
15 -6 2 -8
15 -6 2 -7
15 -6 2 -6
15 -6 2 -5
15 -6 2 -4
15 -6 2 -3
15 -6 2 -2
16 -6 2 -1
16 -6 2 0
15 -6 2 1
15 -6 2 2
15 -6 2 3
15 -6 2 4
15 -6 2 5
15 -6 2 6
15 -6 2 7
15 -6 2 8
15 -6 2 9
15 -6 2 10
15 -6 2 11
15 -6 2 12
15 -6 2 13
15 -6 2 14
15 -6 2 15
14800 -6 3 -15
14 -6 3 -7
14 -6 3 6
14794 -6 3 14
14 -6 4 -7
14 -6 4 6
14 -6 5 -7
14 -6 5 6
14 -6 6 -7
15 -6 6 -6
15 -6 6 -5
15 -6 6 -4
15 -6 6 -3
15 -6 6 -2
15 -6 6 -1
15 -6 6 0
15 -6 6 1
15 -6 6 2
15 -6 6 3
15 -6 6 4
15 -6 6 5
14 -6 6 6
15 -5 2 -16
15 -5 2 -15
15 -5 2 -14
15 -5 2 -13
15 -5 2 -12
15 -5 2 -11
15 -5 2 -10
15 -5 2 -9
15 -5 2 -8
15 -5 2 -7
15 -5 2 -6
15 -5 2 -5
15 -5 2 -4
15 -5 2 -3
15 -5 2 -2
16 -5 2 -1
16 -5 2 0
15 -5 2 1
15 -5 2 2
15 -5 2 3
15 -5 2 4
15 -5 2 5
15 -5 2 6
15 -5 2 7
15 -5 2 8
15 -5 2 9
15 -5 2 10
15 -5 2 11
15 -5 2 12
15 -5 2 13
15 -5 2 14
15 -5 2 15
14 -5 3 -7
14 -5 3 6
14 -5 4 -7
14 -5 4 6
14 -5 5 -7
14 -5 5 6
14 -5 6 -7
15 -5 6 -6
15 -5 6 -5
15 -5 6 -4
15 -5 6 -3
15 -5 6 -2
15 -5 6 -1
15 -5 6 0
15 -5 6 1
15 -5 6 2
15 -5 6 3
15 -5 6 4
15 -5 6 5
14 -5 6 6
15 -4 2 -16
15 -4 2 -15
15 -4 2 -14
15 -4 2 -13
15 -4 2 -12
15 -4 2 -11
15 -4 2 -10
15 -4 2 -9
15 -4 2 -8
15 -4 2 -7
15 -4 2 -6
15 -4 2 -5
15 -4 2 -4
15 -4 2 -3
15 -4 2 -2
16 -4 2 -1
16 -4 2 0
15 -4 2 1
15 -4 2 2
15 -4 2 3
15 -4 2 4
15 -4 2 5
15 -4 2 6
15 -4 2 7
15 -4 2 8
15 -4 2 9
15 -4 2 10
15 -4 2 11
15 -4 2 12
15 -4 2 13
15 -4 2 14
15 -4 2 15
14 -4 3 -7
14 -4 3 6
14794 -4 3 14
14 -4 4 -7
14 -4 4 6
14 -4 5 -7
14 -4 5 6
14 -4 6 -7
15 -4 6 -6
15 -4 6 -5
15 -4 6 -4
15 -4 6 -3
15 -4 6 -2
15 -4 6 -1
15 -4 6 0
15 -4 6 1
15 -4 6 2
15 -4 6 3
15 -4 6 4
15 -4 6 5
14 -4 6 6
15 -3 2 -16
15 -3 2 -15
15 -3 2 -14
15 -3 2 -13
15 -3 2 -12
15 -3 2 -11
15 -3 2 -10
15 -3 2 -9
15 -3 2 -8
15 -3 2 -7
15 -3 2 -6
15 -3 2 -5
15 -3 2 -4
15 -3 2 -3
15 -3 2 -2
16 -3 2 -1
16 -3 2 0
15 -3 2 1
15 -3 2 2
15 -3 2 3
15 -3 2 4
15 -3 2 5
15 -3 2 6
15 -3 2 7
15 -3 2 8
15 -3 2 9
15 -3 2 10
15 -3 2 11
15 -3 2 12
15 -3 2 13
15 -3 2 14
15 -3 2 15
14800 -3 3 -14
14 -3 3 -7
14 -3 3 6
14 -3 6 -7
15 -3 6 -6
15 -3 6 -5
15 -3 6 -4
15 -3 6 -3
15 -3 6 -2
15 -3 6 -1
15 -3 6 0
15 -3 6 1
15 -3 6 2
15 -3 6 3
15 -3 6 4
15 -3 6 5
14 -3 6 6
15 -2 2 -16
15 -2 2 -15
15 -2 2 -14
15 -2 2 -13
15 -2 2 -12
15 -2 2 -11
15 -2 2 -10
15 -2 2 -9
15 -2 2 -8
15 -2 2 -7
15 -2 2 -6
15 -2 2 -5
15 -2 2 -4
15 -2 2 -3
15 -2 2 -2
16 -2 2 -1
16 -2 2 0
15 -2 2 1
15 -2 2 2
15 -2 2 3
15 -2 2 4
15 -2 2 5
15 -2 2 6
15 -2 2 7
15 -2 2 8
15 -2 2 9
15 -2 2 10
15 -2 2 11
15 -2 2 12
15 -2 2 13
15 -2 2 14
15 -2 2 15
14 -2 3 -7
14 -2 3 6
14 -2 4 -7
14 -2 4 6
14 -2 5 -7
14 -2 5 6
14 -2 6 -7
15 -2 6 -6
15 -2 6 -5
15 -2 6 -4
15 -2 6 -3
15 -2 6 -2
15 -2 6 -1
15 -2 6 0
15 -2 6 1
15 -2 6 2
15 -2 6 3
15 -2 6 4
15 -2 6 5
14 -2 6 6
16 -1 2 -16
16 -1 2 -15
16 -1 2 -14
16 -1 2 -13
16 -1 2 -12
16 -1 2 -11
16 -1 2 -10
16 -1 2 -9
16 -1 2 -8
16 -1 2 -7
16 -1 2 -6
16 -1 2 -5
16 -1 2 -4
16 -1 2 -3
16 -1 2 -2
4013 -1 2 -1
4013 -1 2 0
16 -1 2 1
16 -1 2 2
16 -1 2 3
16 -1 2 4
16 -1 2 5
16 -1 2 6
16 -1 2 7
16 -1 2 8
16 -1 2 9
16 -1 2 10
16 -1 2 11
16 -1 2 12
16 -1 2 13
16 -1 2 14
16 -1 2 15
14794 -1 3 13
14 -1 5 -7
14 -1 5 6
14 -1 6 -7
15 -1 6 -6
15 -1 6 -5
15 -1 6 -4
15 -1 6 -3
15 -1 6 -2
15 -1 6 -1
15 -1 6 0
15 -1 6 1
15 -1 6 2
15 -1 6 3
15 -1 6 4
15 -1 6 5
14 -1 6 6
16 0 2 -16
16 0 2 -15
16 0 2 -14
16 0 2 -13
16 0 2 -12
16 0 2 -11
16 0 2 -10
16 0 2 -9
16 0 2 -8
16 0 2 -7
16 0 2 -6
16 0 2 -5
16 0 2 -4
16 0 2 -3
16 0 2 -2
4013 0 2 -1
4013 0 2 0
16 0 2 1
16 0 2 2
16 0 2 3
16 0 2 4
16 0 2 5
16 0 2 6
16 0 2 7
16 0 2 8
16 0 2 9
16 0 2 10
16 0 2 11
16 0 2 12
16 0 2 13
16 0 2 14
16 0 2 15
14 0 5 -7
14 0 5 6
14 0 6 -7
15 0 6 -6
15 0 6 -5
15 0 6 -4
15 0 6 -3
15 0 6 -2
15 0 6 -1
15 0 6 0
15 0 6 1
15 0 6 2
15 0 6 3
15 0 6 4
15 0 6 5
14 0 6 6
15 1 2 -16
15 1 2 -15
15 1 2 -14
15 1 2 -13
15 1 2 -12
15 1 2 -11
15 1 2 -10
15 1 2 -9
15 1 2 -8
15 1 2 -7
15 1 2 -6
15 1 2 -5
15 1 2 -4
15 1 2 -3
15 1 2 -2
16 1 2 -1
16 1 2 0
15 1 2 1
15 1 2 2
15 1 2 3
15 1 2 4
15 1 2 5
15 1 2 6
15 1 2 7
15 1 2 8
15 1 2 9
15 1 2 10
15 1 2 11
15 1 2 12
15 1 2 13
15 1 2 14
15 1 2 15
14 1 3 -7
14 1 3 6
14 1 4 -7
14 1 4 6
14 1 5 -7
14 1 5 6
14 1 6 -7
15 1 6 -6
15 1 6 -5
15 1 6 -4
15 1 6 -3
15 1 6 -2
15 1 6 -1
15 1 6 0
15 1 6 1
15 1 6 2
15 1 6 3
15 1 6 4
15 1 6 5
14 1 6 6
15 2 2 -16
15 2 2 -15
15 2 2 -14
15 2 2 -13
15 2 2 -12
15 2 2 -11
15 2 2 -10
15 2 2 -9
15 2 2 -8
15 2 2 -7
15 2 2 -6
15 2 2 -5
15 2 2 -4
15 2 2 -3
15 2 2 -2
16 2 2 -1
16 2 2 0
15 2 2 1
15 2 2 2
15 2 2 3
15 2 2 4
15 2 2 5
15 2 2 6
15 2 2 7
15 2 2 8
15 2 2 9
15 2 2 10
15 2 2 11
15 2 2 12
15 2 2 13
15 2 2 14
15 2 2 15
14798 2 3 -14
14 2 3 -7
14 2 3 6
14 2 6 -7
15 2 6 -6
15 2 6 -5
15 2 6 -4
15 2 6 -3
15 2 6 -2
15 2 6 -1
15 2 6 0
15 2 6 1
15 2 6 2
15 2 6 3
15 2 6 4
15 2 6 5
14 2 6 6
15 3 2 -16
15 3 2 -15
15 3 2 -14
15 3 2 -13
15 3 2 -12
15 3 2 -11
15 3 2 -10
15 3 2 -9
15 3 2 -8
15 3 2 -7
15 3 2 -6
15 3 2 -5
15 3 2 -4
15 3 2 -3
15 3 2 -2
16 3 2 -1
16 3 2 0
15 3 2 1
15 3 2 2
15 3 2 3
15 3 2 4
15 3 2 5
15 3 2 6
15 3 2 7
15 3 2 8
15 3 2 9
15 3 2 10
15 3 2 11
15 3 2 12
15 3 2 13
15 3 2 14
15 3 2 15
14 3 3 -7
14 3 3 6
14 3 4 -7
14 3 4 6
14 3 5 -7
14 3 5 6
14 3 6 -7
15 3 6 -6
15 3 6 -5
15 3 6 -4
15 3 6 -3
15 3 6 -2
15 3 6 -1
15 3 6 0
15 3 6 1
15 3 6 2
15 3 6 3
15 3 6 4
15 3 6 5
14 3 6 6
15 4 2 -16
15 4 2 -15
15 4 2 -14
15 4 2 -13
15 4 2 -12
15 4 2 -11
15 4 2 -10
15 4 2 -9
15 4 2 -8
15 4 2 -7
15 4 2 -6
15 4 2 -5
15 4 2 -4
15 4 2 -3
15 4 2 -2
16 4 2 -1
16 4 2 0
15 4 2 1
15 4 2 2
15 4 2 3
15 4 2 4
15 4 2 5
15 4 2 6
15 4 2 7
15 4 2 8
15 4 2 9
15 4 2 10
15 4 2 11
15 4 2 12
15 4 2 13
15 4 2 14
15 4 2 15
14800 4 3 -14
14 4 3 -7
3726 4 3 -6
74 4 3 -5
14 4 3 6
14 4 4 -7
74 4 4 -5
14 4 4 6
14 4 5 -7
74 4 5 -5
14 4 5 6
14 4 6 -7
3706 4 6 -5
14 4 6 -4
15 4 6 -3
15 4 6 -2
15 4 6 -1
15 4 6 0
15 4 6 1
15 4 6 2
15 4 6 3
15 4 6 4
15 4 6 5
14 4 6 6
15 5 2 -16
15 5 2 -15
15 5 2 -14
15 5 2 -13
15 5 2 -12
15 5 2 -11
15 5 2 -10
15 5 2 -9
15 5 2 -8
15 5 2 -7
15 5 2 -6
15 5 2 -5
15 5 2 -4
15 5 2 -3
15 5 2 -2
16 5 2 -1
16 5 2 0
15 5 2 1
15 5 2 2
15 5 2 3
15 5 2 4
15 5 2 5
15 5 2 6
15 5 2 7
15 5 2 8
15 5 2 9
15 5 2 10
15 5 2 11
15 5 2 12
15 5 2 13
15 5 2 14
15 5 2 15
14 5 3 -7
74 5 3 -6
74 5 3 -5
14 5 3 6
14 5 4 -7
3726 5 4 -6
74 5 4 -5
14 5 4 6
14 5 5 -7
3686 5 5 -5
14 5 5 6
14 5 6 -7
14 5 6 -4
15 5 6 -3
15 5 6 -2
15 5 6 -1
15 5 6 0
15 5 6 1
15 5 6 2
15 5 6 3
15 5 6 4
15 5 6 5
14 5 6 6
15 6 2 -16
15 6 2 -15
15 6 2 -14
15 6 2 -13
15 6 2 -12
15 6 2 -11
15 6 2 -10
15 6 2 -9
15 6 2 -8
15 6 2 -7
15 6 2 -6
15 6 2 -5
15 6 2 -4
15 6 2 -3
15 6 2 -2
16 6 2 -1
16 6 2 0
15 6 2 1
15 6 2 2
15 6 2 3
15 6 2 4
15 6 2 5
15 6 2 6
15 6 2 7
15 6 2 8
15 6 2 9
15 6 2 10
15 6 2 11
15 6 2 12
15 6 2 13
15 6 2 14
15 6 2 15
74 6 3 -7
14 6 3 -6
14 6 3 -5
14 6 3 -4
14 6 3 -3
14 6 3 -2
14 6 3 1
14 6 3 2
14 6 3 3
14 6 3 4
14 6 3 5
74 6 3 6
14798 6 3 13
74 6 4 -7
14 6 4 -6
14 6 4 -5
14 6 4 -4
14 6 4 -2
14 6 4 1
14 6 4 3
14 6 4 4
14 6 4 5
74 6 4 6
74 6 5 -7
14 6 5 -6
14 6 5 -5
14 6 5 -4
14 6 5 -2
14 6 5 -1
14 6 5 0
14 6 5 1
14 6 5 3
14 6 5 4
14 6 5 5
74 6 5 6
74 6 6 -7
14 6 6 -6
14 6 6 -5
14 6 6 -4
14 6 6 -3
14 6 6 -2
14 6 6 -1
14 6 6 0
14 6 6 1
14 6 6 2
14 6 6 3
14 6 6 4
14 6 6 5
74 6 6 6
15 7 2 -16
15 7 2 -15
15 7 2 -14
15 7 2 -13
15 7 2 -12
15 7 2 -11
15 7 2 -10
15 7 2 -9
15 7 2 -8
15 7 2 -7
15 7 2 -6
15 7 2 -5
15 7 2 -4
15 7 2 -3
15 7 2 -2
16 7 2 -1
16 7 2 0
15 7 2 1
15 7 2 2
15 7 2 3
15 7 2 4
15 7 2 5
15 7 2 6
15 7 2 7
15 7 2 8
15 7 2 9
15 7 2 10
15 7 2 11
15 7 2 12
15 7 2 13
15 7 2 14
15 7 2 15
15 8 2 -16
15 8 2 -15
15 8 2 -14
15 8 2 -13
15 8 2 -12
15 8 2 -11
15 8 2 -10
15 8 2 -9
15 8 2 -8
15 8 2 -7
15 8 2 -6
15 8 2 -5
15 8 2 -4
15 8 2 -3
15 8 2 -2
16 8 2 -1
16 8 2 0
15 8 2 1
15 8 2 2
15 8 2 3
15 8 2 4
15 8 2 5
15 8 2 6
15 8 2 7
15 8 2 8
15 8 2 9
15 8 2 10
15 8 2 11
15 8 2 12
15 8 2 13
15 8 2 14
15 8 2 15
14794 8 3 14
15 9 2 -16
15 9 2 -15
15 9 2 -14
15 9 2 -13
15 9 2 -12
15 9 2 -11
15 9 2 -10
15 9 2 -9
15 9 2 -8
15 9 2 -7
15 9 2 -6
15 9 2 -5
15 9 2 -4
15 9 2 -3
15 9 2 -2
16 9 2 -1
16 9 2 0
15 9 2 1
15 9 2 2
15 9 2 3
15 9 2 4
15 9 2 5
15 9 2 6
15 9 2 7
15 9 2 8
15 9 2 9
15 9 2 10
15 9 2 11
15 9 2 12
15 9 2 13
15 9 2 14
15 9 2 15
14796 9 3 -14
15 10 2 -16
15 10 2 -15
15 10 2 -14
15 10 2 -13
15 10 2 -12
15 10 2 -11
15 10 2 -10
15 10 2 -9
15 10 2 -8
15 10 2 -7
15 10 2 -6
15 10 2 -5
15 10 2 -4
15 10 2 -3
15 10 2 -2
16 10 2 -1
16 10 2 0
15 10 2 1
15 10 2 2
15 10 2 3
15 10 2 4
15 10 2 5
15 10 2 6
15 10 2 7
15 10 2 8
15 10 2 9
15 10 2 10
15 10 2 11
15 10 2 12
15 10 2 13
15 10 2 14
15 10 2 15
15 11 2 -16
15 11 2 -15
15 11 2 -14
15 11 2 -13
15 11 2 -12
15 11 2 -11
15 11 2 -10
15 11 2 -9
15 11 2 -8
15 11 2 -7
15 11 2 -6
15 11 2 -5
15 11 2 -4
15 11 2 -3
15 11 2 -2
16 11 2 -1
16 11 2 0
15 11 2 1
15 11 2 2
15 11 2 3
15 11 2 4
15 11 2 5
15 11 2 6
15 11 2 7
15 11 2 8
15 11 2 9
15 11 2 10
15 11 2 11
15 11 2 12
15 11 2 13
15 11 2 14
15 11 2 15
15 12 2 -16
15 12 2 -15
15 12 2 -14
15 12 2 -13
15 12 2 -12
15 12 2 -11
15 12 2 -10
15 12 2 -9
15 12 2 -8
15 12 2 -7
15 12 2 -6
15 12 2 -5
15 12 2 -4
15 12 2 -3
15 12 2 -2
16 12 2 -1
16 12 2 0
15 12 2 1
15 12 2 2
15 12 2 3
15 12 2 4
15 12 2 5
15 12 2 6
15 12 2 7
15 12 2 8
15 12 2 9
15 12 2 10
15 12 2 11
15 12 2 12
15 12 2 13
15 12 2 14
15 12 2 15
14800 12 3 -6
15 13 2 -16
15 13 2 -15
15 13 2 -14
15 13 2 -13
15 13 2 -12
15 13 2 -11
15 13 2 -10
15 13 2 -9
15 13 2 -8
15 13 2 -7
15 13 2 -6
15 13 2 -5
15 13 2 -4
15 13 2 -3
15 13 2 -2
16 13 2 -1
16 13 2 0
15 13 2 1
15 13 2 2
15 13 2 3
15 13 2 4
15 13 2 5
15 13 2 6
15 13 2 7
15 13 2 8
15 13 2 9
15 13 2 10
15 13 2 11
15 13 2 12
15 13 2 13
15 13 2 14
15 13 2 15
14800 13 3 -15
14792 13 3 14
15 14 2 -16
15 14 2 -15
15 14 2 -14
15 14 2 -13
15 14 2 -12
15 14 2 -11
15 14 2 -10
15 14 2 -9
15 14 2 -8
15 14 2 -7
15 14 2 -6
15 14 2 -5
15 14 2 -4
15 14 2 -3
15 14 2 -2
16 14 2 -1
16 14 2 0
15 14 2 1
15 14 2 2
15 14 2 3
15 14 2 4
15 14 2 5
15 14 2 6
15 14 2 7
15 14 2 8
15 14 2 9
15 14 2 10
15 14 2 11
15 14 2 12
15 14 2 13
15 14 2 14
15 14 2 15
14796 14 3 -16
14800 14 3 -15
14800 14 3 -14
14792 14 3 -8
14800 14 3 -6
14792 14 3 3
14792 14 3 10
14800 14 4 -15
15 15 2 -16
15 15 2 -15
15 15 2 -14
15 15 2 -13
15 15 2 -12
15 15 2 -11
15 15 2 -10
15 15 2 -9
15 15 2 -8
15 15 2 -7
15 15 2 -6
15 15 2 -5
15 15 2 -4
15 15 2 -3
15 15 2 -2
16 15 2 -1
16 15 2 0
15 15 2 1
15 15 2 2
15 15 2 3
15 15 2 4
15 15 2 5
15 15 2 6
15 15 2 7
15 15 2 8
15 15 2 9
15 15 2 10
15 15 2 11
15 15 2 12
15 15 2 13
15 15 2 14
15 15 2 15
14798 15 3 6
